1
2
2500
3.2671555266004466 2.0615466323980804 
3.9475001649856694 0.5960427561920334 
1.4499650547464360 3.6614380236691666 
0.1478226691007939 2.9616553095088265 
2.2945078469852556 0.9889729677185521 
0.8909393043438790 0.0824252820786381 
3.2023949358795070 2.3911218627132635 
4.4806116247223870 4.1030989591045500 
0.4199573356910086 0.8219837493157645 
2.1305261265393787 2.8880657022791274 
4.0483715823656630 3.0139178324263756 
3.7169798524860536 3.1197321305282960 
4.8982911547383114 4.2578673955569060 
2.0305093357565274 3.0732431060019687 
3.8086434703439935 0.1852415662882945 
1.1778548567746810 1.0424335202816704 
1.4955411989891303 1.3040706540607179 
0.1225770629134781 3.2678712293826475 
1.4747956334521723 3.6837518289796294 
2.2207978720060600 3.8750794066854617 
0.1103073837379148 0.1055554560289140 
1.0079573357299432 3.7694996629404540 
1.3806524247255225 0.2001622590810542 
1.4231409488895330 0.6544893055219048 
4.5274661902880570 0.5788544434121140 
4.1194430451401890 3.3396168840937540 
0.3517694986531150 1.7315826524975657 
3.5020014025672253 0.2887515269865154 
1.5581715789497985 2.5129870211065900 
2.6597470692807690 4.9209139913544355 
4.2119187793789420 0.3665465817224811 
0.4125798147232318 3.5215878924124330 
1.0700527153131300 1.0473878212266240 
2.2825950230483008 0.7481631180654885 
3.2754760111155705 0.4958811216010955 
3.3161479493822090 2.6204112254154395 
4.6615161035195460 3.6870067866926700 
1.3329602886284149 2.5753691415320980 
2.7046143959880250 0.7345753649500358 
4.3591331842626680 2.6357338700942190 
1.9840580997552149 4.2647348845955790 
0.7128488322440896 3.9918481066166587 
4.8602120154772175 4.0898033869335055 
4.4547048860838520 4.3295814097275600 
4.9664937233087960 0.5113132782196944 
2.6890392448354508 3.0498910914068045 
2.0253788131077850 1.1602581552879570 
4.5082698159792260 0.1205700993733838 
1.4450079991867815 3.1428817935772853 
4.2091845805966810 4.6766686849132935 
4.1305093071806170 2.4019534981595880 
3.7782828502322420 0.6433021485584212 
0.9529369789753955 0.6263226094391022 
1.5426832564743775 3.5930320104391207 
2.3587675935058920 1.7456486522423527 
0.3137776065428954 0.7697373302104826 
1.6741832955845160 0.0325550439664218 
4.3127224200562180 4.7118675134863770 
0.7609107696840184 0.1010530617744271 
4.6600262040200750 0.1901945677344286 
3.8141738083445875 0.6379396393564285 
3.2359035448988074 4.2386607400370420 
4.2583567820967390 3.5329674784498260 
4.2737312197392080 4.9016420136366940 
0.8922644548623115 3.1839446981444050 
2.1358542940229010 0.9469263613271589 
2.6634034604551466 2.1445163133412210 
2.3391586602782537 2.2009307989684697 
1.7094996798415585 3.9552349254377830 
1.0472330951164976 3.3511594101802480 
1.5955043312849426 1.9526301593641597 
0.9266166129463954 3.0306287690711420 
1.9956315200224024 4.0863351444610180 
3.4765332621417500 4.7499658418361620 
2.4225078634369828 3.2909316099865067 
4.6846861226913850 1.7751103162166597 
0.9893056036859948 0.7570280318811684 
2.1360929206216484 4.3620262295012800 
4.6057669663492240 0.5251827339197557 
2.5076114553443993 4.8545597794664220 
4.4553201497065700 3.1866407401912134 
3.7177166399798605 4.0275514898671725 
0.0780231217210448 4.1164499764521430 
0.8692549148309442 0.7145422499142728 
1.8928627286538025 2.5873768576764850 
4.5223150674625870 1.1978844115707454 
0.5329738692241098 2.3171422022041080 
3.7650222201666860 0.0588007045004157 
1.9386343354467699 1.4868495045638130 
0.0119684297629075 0.1859055465668769 
4.7554282876810600 1.0350788793118137 
0.4531667763634917 1.4229340143669860 
1.2187627420950342 4.0799735432477920 
2.6008215007280810 4.8998974981568590 
4.3709565473800930 1.6507440080605829 
3.4368764236258540 3.4366124040092174 
3.1534153133274416 0.5203707267899055 
3.2512148954419030 2.5335256813559317 
2.6439409689244430 2.8228826822152464 
0.3785503656636519 1.3719867325851691 
4.4680149300247810 4.3114463223784620 
3.6914592832341957 3.9345908186890140 
2.2029341799970840 3.5675957743105400 
4.8876728044807470 1.8259485834198985 
3.4149664092891863 3.2072910711979820 
2.3216590562901662 2.6252095707172850 
3.8222305760938550 1.1460894468840483 
2.3736882630034460 0.6338958566864028 
4.9597994875051095 0.2835678037069600 
3.1239918601472000 0.6960796447189160 
4.6385568628698680 3.5462366572954536 
3.4052862777483300 0.3626611120695394 
4.4356343768673460 3.0885355659442397 
3.1438495169234413 1.0474856690678775 
0.4317894135214045 2.5931038935946180 
3.2675005546521834 4.9802591817874930 
2.4198767440419000 0.0343698680577892 
0.3582471573476609 1.6997025120102682 
2.8486031385139676 4.9736040716254600 
2.6580297859757890 0.5501094753847496 
4.8370470411009790 4.4389350771728690 
4.9979067257341105 4.1454506560014535 
3.6979588932735687 4.7104264838952510 
0.7141851096456109 2.0473900554647050 
3.5416527882843500 2.8781637287443513 
3.6394210406725220 3.9670622807073004 
4.6973354250034880 1.8704054382014639 
2.8118724147735104 2.6451785704997146 
3.8850070623477144 0.7592006784082628 
1.6339048363472586 3.1910124050625010 
2.2986123999558625 3.5424788863277380 
1.8280133943843335 3.0680378316918920 
2.0199019763148502 4.2744675017766385 
0.6885381104390198 0.1024722141202339 
3.4725104750674447 4.3703971534320500 
2.8078136608502250 4.8607011572753660 
0.9470419317631895 4.1468033133043230 
4.6674101779269614 3.4925402249377570 
4.5804944710011290 0.1753356388889693 
2.2282830544073002 2.6695138183700626 
0.5571440511021813 2.8258390135466573 
2.9280676333291575 4.5608087525083200 
1.7130469143542109 4.4535690287587935 
4.2994140388148400 1.8842875351699961 
3.1726102356979795 3.0457602046140710 
1.7601756265276536 0.9459202496497993 
2.1232163296943400 3.7843623435086410 
2.9944263320177833 4.2382236497709700 
2.3426794866495975 1.9046158203954562 
0.7426963625211869 3.6067707955959220 
2.6343489275415233 4.4332358023647670 
4.7504813934455970 0.2135610676038896 
3.8959643752765327 0.8753278976208550 
2.0859918088131386 3.5270177286391817 
2.1509072866461976 3.6857593867147087 
3.0312752510844240 3.3506063446650480 
4.5042798158352550 3.4085603911520780 
2.2752577617803460 1.4655448605223058 
1.6512852354752716 0.6970338231682183 
2.1929144447955880 2.8078001871173317 
4.2616691823645640 3.0376007086853747 
1.5816936852800327 0.2255456579415494 
1.2915224194974324 2.8920128628672073 
4.3444825631889670 1.7704790443053053 
1.0325345438197953 1.1454127250715318 
3.2578168511979040 0.1648764505012568 
0.4988261573048020 0.2018253285400901 
4.1447019642598020 0.5559859499994235 
0.5727771397300635 4.8040159572658990 
0.4833244128836928 4.9203393426778190 
3.1838072386589870 0.6712508745681933 
2.7260992374316433 4.5127882125781420 
2.6778543117449790 1.3463479837330827 
0.3779120529359148 0.5685481929840691 
1.4503348460599148 2.2225076707892830 
3.1880779913856188 3.0612571892973540 
4.8616594975927710 2.5807654226181650 
0.6474542891453461 2.6960368536045043 
2.4319175136958200 1.6105067376168418 
1.3503079351006546 2.4737672610681910 
1.3201304969878647 2.8083413348201414 
0.6799524351028491 2.1012633689685027 
4.1335163857069560 2.8547299138543583 
1.7078338737377368 1.2417701742151943 
1.1834939198614540 1.0531129879220340 
0.1576573481907412 1.1011671286106455 
2.4076962347581943 3.6828880846813017 
4.7793131770109220 3.1275001892552456 
1.3110505421653840 4.1654387784359460 
4.5017721791523620 3.6649368078575570 
2.4440221792336960 4.7715146767861940 
3.2897862730007454 4.2479665384454100 
0.1324083247828756 3.7086182855704037 
2.7161428147525815 3.8476424781587620 
4.4006061816914300 2.8186522029634458 
0.8793872721895241 1.7888912770961767 
0.2890701677293128 0.7889338441963412 
4.4463402964013260 3.2463909499467920 
4.0567113786494280 4.7337867513906415 
3.2794011745722590 3.1962453423608600 
4.0802809572553420 4.2392672749429350 
4.3205436140580264 4.4516585866607950 
0.6153193301699139 1.4801878666268420 
3.1470727902187754 0.9430419848318372 
1.9670416113348532 3.8164511649280190 
2.8886273445535773 3.7164588274266350 
0.0345676060138672 1.3548083822724450 
1.0005747574633717 4.2190428825988740 
0.6381963575307209 1.3225081507897851 
4.7258612297961030 2.3160004824200020 
3.5169620145211864 3.7409031797001897 
0.9455410184434210 0.1410327130860595 
3.3924977822241360 3.8099358466380497 
0.5176280638951852 2.3204930325770996 
2.0352727163812620 0.6185198309230372 
1.1345701186780581 3.3313187216683824 
1.8405583811448990 4.2811940350885470 
1.1915659788424482 3.7537548114149506 
4.0240167040568680 4.3680199882497830 
0.1511073353644998 3.9621121427186690 
4.1805929639239800 1.5425490445366220 
3.4135406409664040 1.3602811574426488 
4.6154365223255525 1.6517867512212259 
1.7591098148186162 0.6134466337284983 
1.5518588172134868 2.1224323406156930 
2.0138547516510520 0.4534277816262305 
1.0488794615878538 4.4092738559926110 
1.7099018238392590 0.5422914349705887 
0.2197000280050077 3.4144702294007434 
1.1601010723412841 2.5673669226762534 
0.1324828153226965 0.2505539665648288 
1.5476257482861700 1.2105134095178838 
3.5961021638862993 3.4553392788634985 
2.3430637968743024 2.8854703797807457 
4.8860745369869950 0.7835212052249280 
0.6046967259619401 3.1693462348803800 
4.3496633020853650 3.9976053619679310 
3.4920757950116890 2.6677784484158487 
3.7441914977256460 2.6599053133571458 
3.6286644981781864 0.6480226519613730 
3.1088874922831926 4.7877014867063075 
4.7862384501093910 1.1502087370980885 
1.9481247174418503 2.3752521702030718 
2.7318907768783394 2.4442239075219100 
1.5127080234015873 3.2092013106360200 
2.9779083737976992 2.6381621398241717 
1.0058968625848780 2.1080292155721330 
3.6054486546765494 1.9640059838925490 
3.6121453500015894 4.7015437659877560 
2.2948592479775214 0.7671818419602899 
3.3490775461562230 0.1330094237468560 
2.1886479960954555 1.5088566403624870 
0.8770064151995477 0.6143666242278034 
1.2375240083275796 3.1533225970739170 
0.5653431016486676 0.5940918157905201 
4.2355956097894040 2.1575395444767915 
2.3115321256343964 1.4076028987760470 
0.8377237197307874 0.9058845505952740 
4.8356883408230550 3.6717142809171417 
1.4701946988294120 1.8403826096627562 
2.4328988585764444 4.3574988460850080 
1.1952895871602527 3.7251697791239997 
4.4551942475753810 3.4300147942333554 
4.2709911594906576 0.4536668546690026 
1.1164797508828301 1.1787076500459980 
4.3589845641918450 2.5579172741314298 
0.5662596020867422 1.8788976583288874 
2.0772715608949186 2.1117710013403106 
0.5617728792357574 2.2226170656400184 
2.8681300713612190 3.0330713723772700 
3.4832020893835662 4.0361604462432700 
3.9578202641900400 0.8847287595111458 
0.8829020441157659 0.1620651440523591 
4.5213447708199554 4.1505421557587820 
3.2371358061664980 0.0248385340557966 
3.0337419664820593 2.6188552448866600 
2.0775968571642127 2.3226021289040250 
0.1888013937964606 2.9456118170828915 
0.2200297887127667 1.4909229378792848 
4.6967541107169350 1.6880984728657573 
1.3785574346052850 2.0704537261531240 
2.7344078595111294 2.1016448811799933 
3.0568558540678410 0.8766079337227023 
4.8143577936603930 2.7737715918640400 
1.2411112531984947 0.9173421609387189 
1.3643191663391470 3.7337577307130636 
2.0847308616189233 3.3342252553374150 
0.3632924699896073 4.0203236989892760 
4.4710675086448750 4.2523216767834810 
1.9681854370536627 3.8161034262028126 
3.0679597873680367 2.3160194486140650 
1.1826794711136328 4.1648037467872090 
4.2466753035720290 4.8607843316341100 
0.2695439773001312 2.9754293930379605 
2.0278859473430660 1.1249231520486802 
2.7882634737853170 2.4876746761052050 
3.0385923833786650 4.6407921873623270 
0.8517600213293908 0.6235623631165355 
3.3164542036709483 3.9614857270050480 
1.4391542921655065 1.6826344817128152 
0.6817701137644172 1.1768932000685854 
1.3759230928177009 0.6514785536692080 
4.3123944955797630 1.2521145660854938 
3.8984790597248398 4.9930986262648480 
3.1031616044900940 2.0815751569249060 
2.5571053311819430 3.1576141042099155 
1.3689312680835920 0.2937817955319311 
0.5793491490477953 0.2130029306847192 
4.4591581889064250 1.2645156747041164 
0.7153878544014391 2.9330725993248015 
2.8919238681898216 3.5003561842570745 
2.0175467922765913 4.3995799781962550 
1.6866620206132170 2.5397842821125334 
0.9680613224900764 1.6763859275905109 
1.6773466478795114 2.7857137577386464 
4.8623413009421420 4.3957681973346320 
1.7216992144760095 2.2311511365534047 
0.3794075549411541 2.1604844475161125 
4.8870132104011390 4.8687851784900110 
4.8268374264809760 4.5099076669929990 
2.8894815541324843 3.6856613404174694 
1.6344669879312335 3.8245331950874126 
1.2914513412070865 3.5356947696974980 
0.2892641583104899 3.9503799089374176 
3.2198215284918357 2.8556287742286175 
4.0532001284570050 0.5132893960027873 
1.6588352579944470 1.1441483124152630 
1.4866098162698078 2.8628481322853620 
4.6918087566122580 0.3592063628313291 
0.0114479774559823 2.3366391720192836 
4.4188812368917680 2.9052260947827744 
1.4920093873657452 2.0677535189997770 
3.6616511105965400 1.6796906780085064 
1.0850979772101880 4.8719678476813450 
4.9806129884830120 3.7277362947461237 
1.4172909694595077 2.8457242756642565 
3.9775901977657560 3.4137135841383297 
4.4838618334410710 0.1820211880573830 
3.3329025054341948 3.6602858080475730 
3.5320861914994484 4.3685534503732740 
0.5357950705445852 4.7284815497406770 
1.5910712831070724 0.3709143206894106 
0.8066935377249745 4.2162251303335920 
2.2409130003045385 2.6234016067036787 
2.2811416273969740 4.4382144747049700 
1.6758984190823960 0.6509424313784268 
3.1278131564803124 4.1166222817302990 
4.1096354227335500 0.9278815829471870 
4.9067830261088880 0.3599443207738462 
0.0944063819580937 0.1428527064726765 
3.1392777800935114 4.2364233140591510 
4.3827062718059090 3.3836797521894453 
4.7564180139633185 3.8588263263971200 
1.5458371419027150 4.8822303819356625 
2.8220007255106037 2.7889550223411480 
3.6826012426582255 3.8663723152670010 
1.6831635764384922 3.7431220131962197 
0.2005416220300965 3.7546578130675097 
0.4928062055041560 3.0339256498759304 
4.8328481689811960 4.3990906324058250 
4.8689376541344420 4.9190076964761430 
4.7659602645689490 4.3323015485720235 
0.3086567230477660 2.0440812574537426 
0.9960588054866826 3.0076936412849826 
1.8582579197769533 3.4653664031735370 
2.8070581364418192 1.8345833798636950 
2.4560009815405870 0.3156725401582311 
2.5683694029941586 2.4051026711807050 
2.3103641903963060 1.0387194056224125 
4.8876224147777760 0.6855926962398945 
3.6541465425312443 3.2578889800070810 
1.5216969573986128 2.1024548010363944 
4.2235688646549870 2.7684521080293660 
0.3488279508412162 4.3908955580189595 
3.8515651320014404 1.8464165707517037 
3.1352149776703864 2.7947318220002666 
1.6357436682269384 4.0524925429494740 
2.7914766294856608 0.7063972594758666 
1.2440365777450490 0.9762756678068324 
1.3074588206457882 3.1185198719419818 
4.0548466874206115 2.9135974009192550 
4.5783179735014040 0.3219137564233066 
3.9935366339468860 0.2990944918260852 
4.8904627613783440 0.1295578083183263 
4.1233984582361150 0.8264020996514182 
0.9228560766665195 3.5321095125807950 
3.2767767244066226 3.5799746526298417 
3.7373381390043496 1.0977279340361035 
1.2708109792900035 1.1753915668342314 
0.3810499050881333 0.6174569533151325 
3.5422996311662303 3.8591060473937340 
4.4046975408603230 0.4671478504874405 
0.3574775589812568 0.7539472371118588 
4.8123127584486650 2.9078738515490540 
2.1050395697683513 2.9532858234234705 
1.7013309747918464 2.0790186542804960 
0.5645289672068066 0.9646275705878399 
3.1262171484329610 2.7516963303658690 
1.4572514602149510 0.0824984986539640 
3.5245413393242755 3.0048854578730660 
1.0331624981485510 1.6308374071635479 
4.3813118917793930 1.8626407151159963 
3.9247159349555980 0.6567140536139582 
2.6755445828412780 1.5879660094255965 
1.0074498987279705 1.5800423092138112 
2.0524568929199027 3.7674144154976847 
4.5471266438611530 2.5080580705089800 
0.5953407811074779 3.5402061115430348 
3.4845302849625300 1.4086853303270042 
2.5330825999165762 2.3266286606358960 
4.3115661367419100 3.1035133781199296 
4.2124628281327805 1.1927153417949420 
2.6260953791774004 0.0889613567834058 
2.1887796459126200 4.5516708461929480 
2.1179760265491950 2.5233066448707730 
3.3440093794965793 2.2472397257736260 
1.4350717374434670 3.3276056026823700 
3.5286255480466227 2.1901931535839028 
0.1055282726129986 3.2401374788646073 
2.3413666942197580 0.6263299692274393 
2.4514069649190255 2.8368522622088683 
2.3106541623124954 2.8028728533973983 
3.2188033243075767 3.9844061967034810 
0.9220273926601158 3.2698579884741803 
0.4708669353990302 1.9277200862144723 
3.6478754741191155 2.3041006923246083 
0.1426819272446650 1.2305962180164003 
0.3789117823474819 2.9755413514601226 
2.5407487403222047 4.0857813708910715 
1.4312490015933865 2.1892540795486150 
3.9848566676623864 3.0899677317986570 
2.6085970497722430 3.6311289274631573 
1.7364165698043976 2.4395690022969148 
1.6360213343600682 0.9212103915626940 
2.3348688277636970 1.6447184052223840 
0.6498622424706424 0.4359067245062237 
2.4725669273291320 4.2817795718823080 
1.3278299300020990 0.1987580426923913 
2.5785778570182320 1.0087678182743836 
0.6739541531560422 3.9591776967672447 
1.3531287787888973 1.0534285106261543 
1.4349820890599340 3.0795603050137337 
4.5969692184459370 4.6503215811456420 
1.6179805028704890 3.1333732717059620 
3.8137055963016744 0.4511123139513307 
2.6033143972703785 2.1803284446082910 
4.2282066110447280 1.7613711844292261 
4.9028366897457760 3.5294531731615857 
3.0604641151852894 3.5675351833875024 
4.7000386129241010 2.4268614302745000 
2.1218351096915145 3.7092867683967907 
2.9270732826592940 3.5122476766100810 
4.0593786644121380 1.2254566845183867 
1.7829813369519742 4.0766061366798640 
3.8640417079666034 2.8556583771226240 
1.2781085519700153 2.1234014432853177 
1.5797345105694527 4.9152152512375755 
0.6016220652620091 2.9863973469830962 
3.5028788739082115 2.2775408348158184 
0.8521942224482748 3.7895723615477230 
2.5457979953134786 3.9959850671724917 
1.9463378177538070 1.3480312161405057 
3.8523580139290443 1.1762615726726882 
2.3245400444362985 1.2035445794575939 
4.2005600728394890 2.0709217875999504 
0.4122584592445588 3.3643298235450540 
3.2043189391894216 2.0089438241481050 
1.6610023508680105 3.9759082256141260 
0.8354576373418238 1.6963542229309592 
4.3941414655270460 1.5883525996278518 
4.3269805532782570 1.6279048522339956 
1.6127451391643932 1.9049666040921310 
3.0899815939187714 2.8351767392830762 
4.3786696164943390 0.8984111747363493 
2.8790813514408820 4.9630833775301140 
0.3852770947465017 2.9625229507555844 
0.0750748335506868 1.7146010990927885 
3.8505800342755085 3.3315432486544516 
3.6185132738243770 1.0326523316695580 
4.9232738774933550 2.3432054133644966 
0.8242294753880924 2.9984202248591405 
3.3790300972267233 3.2481027368839914 
4.0343574657265130 2.3169753144621630 
2.5025891996455356 0.1749864033206738 
2.8261867232426696 4.4339451049155900 
4.7006059282601100 3.5501213822708513 
1.2812261951241060 4.7810606813969840 
0.5708623401010643 1.7385506973850267 
1.6431483642417626 4.3837654989290530 
2.8653805902295977 4.9260991253480570 
4.5448186236501300 2.0806703360153830 
1.0281284920779217 0.2931716037087334 
1.8684036663212362 3.9024959972992725 
0.7624279476264384 1.3448785337378637 
1.2175965811934390 3.7372399477636570 
1.3888374656743230 3.8567481921535145 
0.9272791006424763 1.2686599175496833 
1.5911975764171755 1.2712598761799927 
1.5134854698401385 3.3167665149967380 
1.5166872540597998 3.5376622699439793 
3.4753183336457805 3.1318688293397283 
1.0951589537038524 0.3260136688970500 
2.4005081237110915 3.8978189879135168 
0.8736792141740224 2.2661104495601720 
0.3975955562362604 2.6854535812039800 
2.6241188561759940 2.3629458270010866 
2.9802557445862200 4.3638291004411160 
2.4748000668147947 4.0225666744049320 
2.6630718672416047 1.5247039873486328 
4.3416200127696560 2.1856731054690950 
4.6931053417449110 1.3048180140899595 
0.9897384728205400 4.9110336411451320 
1.5378987844661944 3.1008719672765794 
4.1438261698488725 4.3767629565630110 
0.9780862685441694 2.5637153640034230 
3.6830402353887220 3.6747371804098043 
2.9115755829957757 1.9310951848129005 
4.1063004594847900 3.9618973136142750 
2.2663048743818988 4.7124270925348620 
4.1341112635929190 0.5019207308926210 
4.7398671790333030 3.9743972831535830 
2.5250829369529866 0.8817120811156226 
3.4368323605114384 2.9928069841951817 
4.9284718628522715 4.2193969115210650 
2.8583888491382140 4.8339217252564120 
2.8684740662655623 1.4939737409382248 
2.1139622879044424 3.5076910812714606 
1.7616697365295653 4.2215106072778580 
1.6707625287459034 3.6955538088278184 
0.2059292375475152 1.5787444448349048 
2.4347434589275860 3.6971472490036907 
2.6472586544258543 4.7321721007059690 
2.4652539228189780 2.1630887220413880 
1.9304723244198057 1.5691956991959373 
0.1656958503759620 3.3851004479775417 
2.1702479744266040 0.2476139568776581 
3.3637928255741856 3.4001010660586015 
0.8410325083818521 0.9807242101394598 
1.2976142392944878 4.9314857963557030 
1.9774290417446827 2.2575306781465850 
1.1572867389533620 3.2386724066358923 
4.9011128626435910 0.2610277224759006 
2.4973663423134074 2.2750889737773394 
4.9459860734538800 3.5922547992105414 
1.5311308945874442 1.1651326161647186 
4.2401945871237240 4.5337965440439200 
3.0455927548853160 4.9022286945043130 
1.7217966214357001 2.9936274329754675 
0.4348231670470715 0.3429724252455157 
2.2142850517881630 4.9586769870824590 
4.1392127916878900 4.0264368900889020 
4.5688285881337710 3.7572188376463442 
0.5995891065442860 2.0830812687615827 
3.5920149929085032 4.6801626044008930 
2.6876445949139156 4.5142952406964780 
4.7210385529624710 1.5435549666259862 
3.4579228594169438 1.4214698944634359 
4.1826911940222860 2.5880712028983224 
2.9816447665528054 2.3425810504017672 
0.6781805071795965 2.7060076205569534 
2.9689514024816126 1.7146300681432347 
2.4727108529916650 4.3622604202030650 
0.8636731719232810 3.6218812918566594 
1.1369281531948416 0.7330016671431383 
4.1035281948627125 2.4126919237440188 
0.0867443767241599 1.5242426409510945 
1.2786910390349249 2.4718305351101226 
2.4987190093071474 4.6521993695249290 
4.9929605813927070 0.4205305846781854 
4.1400921716527600 0.4683515541867478 
1.3342962501518530 1.2831276744233637 
2.1457255992581590 4.4943146555451530 
2.9952805157110958 1.7069825674470507 
0.7986223578035767 4.6951185579541530 
2.2491042109065305 3.1514895147936857 
4.9263610362722670 0.1642156177932558 
1.1829616333053998 1.0723258662630097 
0.6126944157547759 4.7195152241175020 
4.8182789011421345 2.5186963182946935 
1.5417236476711333 1.3169705727094372 
3.0059913112993195 4.2341796476590620 
2.4414776687188240 1.3767173845225127 
4.2751216360147180 1.3058855465540602 
3.7743882850092985 2.0864942922555530 
4.1342022726002910 2.6419816633652653 
4.0340666660724570 4.4980474613191435 
1.6776226258213190 4.0742515444326080 
2.7509501951645654 0.7644511147919064 
1.7327711418657938 2.6801979320794730 
3.5838044194760776 0.1797516828920731 
0.1988826768207619 1.9983043837407704 
2.6797271229259048 0.7770693507454829 
2.6747892187058264 2.1704219415951314 
2.8222159676889023 1.1172672808500050 
0.9503106058010174 1.6868481825065230 
3.7550268243641782 0.5575261111474267 
3.4448133598686157 3.3325188532360930 
3.4689606507712805 0.7276373898544913 
4.2165024813140795 1.1368310382966262 
4.1693854752639150 1.1615559687969468 
0.7373006339521560 2.6149718483025035 
0.1042085872656279 3.0327286339806230 
3.2307095681838340 1.3552258852769055 
2.4251836696136833 1.7239417233126715 
3.0038354972054220 4.0545860612247970 
3.7798474626203270 1.5259086371025394 
3.8698010509549667 3.4340969839637303 
2.3870460512268600 4.1035425797266940 
4.4530546813308620 4.0757066058305410 
1.9359266498170602 1.4948389252838490 
4.8976272580483970 2.1140090064194994 
4.7664307892025880 4.3145158884668660 
4.2571755243668710 1.8891075922843514 
1.4387439881549557 1.5230398253665690 
4.6356900210848250 3.1209340591436690 
4.9798154990922600 4.5913891347399810 
4.9690350589773400 0.9007065921959728 
2.8069818313700900 1.1428837590612310 
1.1900268969702660 2.8118140906998623 
3.5718853361936045 1.1856388839549525 
0.4035454774682495 2.7902638708954313 
4.9422991439069370 2.8626729779382380 
4.6132142853303310 4.9139339890776910 
1.6451299745963937 4.2414310987715510 
4.4874720585126120 2.1702187209548827 
0.9307848781628975 3.0404577288411665 
0.6303973982329131 0.3932621825304788 
4.9872552356547850 2.3481815833234676 
3.8314406277669620 0.9848227002438131 
1.7316794487754028 2.3272519009505030 
1.8082509599460650 2.7369145331752613 
1.8378165637980137 0.6175904114077202 
3.0280799295555227 3.0597239339894470 
0.8197712876591690 2.6523015107191360 
3.2957798975223196 2.1848982998433417 
0.4854791075261022 2.3828086844072360 
2.9302053485058996 0.4621594156554992 
4.0978725018953710 3.9730626661261630 
1.5158634901743069 3.6962918477090660 
4.1373120132842270 0.8673921090379844 
3.4129509601872736 4.5819113660091770 
0.6457831886306109 0.2625454468045430 
0.4364508598755146 4.6850168439322070 
1.7515223978675443 3.4216987348591080 
3.3737548967717120 1.0931842499134388 
1.1221473487532778 0.4566797081897700 
1.3003134690723157 4.8103590266235410 
4.7750361227624190 2.1743872415354772 
1.9741054910573108 4.2075582494440950 
1.8856085006419454 1.3343590599806072 
2.9422609060662843 1.3573932060348282 
0.9773298302474359 1.1966704708350095 
1.3769536691615385 1.8781755320984395 
4.1516711767559660 0.5528192878293703 
1.0727270023103346 4.9924706341924350 
2.8219230410407910 1.5269827167656440 
2.4836981984067057 4.8653162675349900 
3.7516743554532503 4.3110072077824740 
1.1566305132680417 1.9289218314255163 
4.0669339165006790 1.6537152825697947 
1.4246495959820737 3.8235191297361903 
3.3102820049770028 0.3635975262403418 
0.7664190089544975 4.7881344588711970 
4.5361074479123560 2.3036766945657163 
0.8068802362270949 4.8204044673794675 
4.9078989154118720 3.3583117950593440 
3.5382010626248430 0.6911602567302616 
4.2517200856504420 0.6339356950851788 
0.9733647112338573 4.9473543205149260 
2.5444171073100060 0.7191969228061418 
3.1098722917378750 1.3660080669054780 
4.3707681923927160 0.1747000889885297 
2.7773188394300004 0.9322077271054208 
4.9706980498081230 3.5485204982838600 
1.6701433571460083 1.3057795302463622 
3.6158473506591230 4.1208907208465330 
4.6256423081627350 4.9141254602743710 
0.7041990689270344 3.2699366993030887 
3.9973740217757820 1.2628028006518903 
0.1421268168612977 0.8200649611216548 
2.7953716685646217 2.7907821555293170 
3.2951483965637920 0.9855814956803333 
4.1171213374972770 0.6139213505426905 
0.0318264874124363 1.5543467805169309 
0.2770499725733261 1.7980408256233730 
1.1596763840510915 2.7697514037246450 
2.9573075143098680 3.3820935452303607 
4.8576034630505630 1.9640190946766727 
0.6489184665344022 0.2322666419883512 
2.5463075915644415 0.3718241659189542 
1.6299126720691230 3.9494602469599487 
2.0062527829572900 4.7104353466484400 
4.7358388291806220 3.4754365077707710 
2.4522217615394930 3.0510746817342380 
1.2181011208732428 4.7470347477958340 
2.7041290795489914 2.2259060465434530 
4.0568484999433390 1.7331998485412985 
4.5556893932083740 2.5160463141694906 
1.1976849174706283 4.4561735214728490 
3.9356966685018240 4.6482165279996950 
1.3152596342990830 1.1460475554907512 
2.4810860893684445 4.1911294450924260 
4.8718327105076110 1.5069825776706107 
1.6966124034488261 4.2874325722074730 
4.4352041203481780 1.1837447679535518 
0.9628961981168077 4.2830076647441760 
1.4479290003353600 3.9088160834406690 
4.2727492196924570 4.2226492277791020 
1.8985342620059869 2.4831846908420756 
3.7251078717543010 3.3696243998055095 
0.6354908203666038 2.6980237116250576 
0.4865651806585497 4.8763410045914960 
3.3859816002564793 0.5398183515218224 
1.1424076441536368 3.4843292105478434 
1.8940478970237706 2.5381025241790938 
4.1022253181356800 3.6639670935027175 
0.9764844091713115 1.9128179014927770 
1.9995808583734376 1.9178571947659007 
1.7098919169117621 4.2574101855131520 
1.8308822348659293 4.0664896038067350 
2.4085863008912103 0.8541284046598019 
4.9155241459147850 1.2107998721985376 
3.5306021130969616 0.3595949784901048 
3.6275215311852430 1.7234611897893681 
4.1578153214328440 0.5215656803045254 
1.2482755815968800 1.0592230360442600 
1.2362534324250474 0.7919002005041442 
0.2207782850496726 1.3943370407645177 
3.3339463067941137 4.1861156268292980 
2.5474690507245470 4.1060875238392420 
3.2762114037682544 2.5064972574376680 
4.0671312804450634 4.8856686117820560 
3.6520570360610370 3.0935909180050496 
1.8706193838467677 3.8411299216733994 
0.8504241042068966 2.6000055917154970 
1.1708808037345460 1.2918350752148478 
1.9812802431839920 3.8908029192323235 
4.5296446840202504 4.0818584462071760 
4.7641124745622550 1.0663550661047072 
2.4613162186536446 2.1469678215066050 
3.2251610182981290 4.7764027411434480 
0.0840307254966094 0.7583209067058772 
1.8347697910675813 0.4481455494651732 
4.6684799963241360 0.3357263362209473 
2.5375232621305340 0.7865502093777005 
3.6470459721626130 2.9743012954058260 
2.9803731464691503 0.9216632376539263 
1.8889336286855074 2.8605791797985350 
0.1277534950231479 4.8755649286277520 
0.8214110888236958 1.5676007535891745 
1.3677154749170244 0.6007061088555232 
0.2829331820493375 3.8132485089213586 
0.1594075095062919 2.7017163198911884 
1.8308306368434368 4.6420586048648715 
0.2497627248239120 2.0943781583002490 
4.5944192113702815 0.1479728717194295 
1.4960449269492304 0.2783102735453780 
1.6637928016330394 0.7939710284248847 
1.3709439317408112 2.6040062645055560 
1.4352276370990031 4.1042453373615510 
4.2982003137193630 4.9002259071652980 
4.2960438376751530 2.0055631755318704 
1.0692786836691197 1.0943372830929140 
0.5249283541203964 2.3766827725995885 
2.7253952840771570 1.0060615235658292 
0.3081425197825144 4.4281697315570890 
2.4542503641572457 2.3241707476844780 
1.3276979138721134 3.3796831395434240 
0.2470977492938858 3.8860438167816570 
3.4645013980344586 1.5277822972750643 
3.2893293303252773 3.7715844386556316 
3.7776311492486974 0.2045260684424477 
0.3165363537508820 0.3958582666262944 
3.0703218959782252 0.3156180329402419 
0.4580535543489844 2.7389079384774940 
3.0339003558134080 3.1165739150269030 
1.4112744321151294 2.0865552538311216 
0.1728274790878009 2.6363668585179543 
3.1425730834679695 2.1726013971725340 
4.4571654460598350 1.6902294130017270 
1.6944500754866803 2.4106900971762620 
1.9232039074710756 4.7367730319523650 
3.0935630530815270 4.9831951109051350 
1.2486438020040858 2.9293050078307020 
4.8005901051327080 0.9148515818670983 
4.6656494214606500 4.5872073930153100 
1.6204138804241208 2.9004462059076626 
3.4432448447244740 2.9704619568074390 
4.4999022692765740 3.5787362492456760 
2.5699452524364790 2.6788868024238743 
4.1806024420614430 2.1488693346154895 
3.1981758482082228 1.2173741697922909 
2.2449523812225793 4.7109238739075625 
4.8739483016873155 3.2693963559654610 
4.6971526019286550 4.4787966703831600 
2.5684245004098467 2.0032734227485040 
2.8536339552872930 2.0615112865546980 
1.0524158208655787 4.2991718346407580 
2.9830895264511280 3.3381246664486737 
1.2105264152613526 0.1295319242850895 
4.8323348608968670 3.0617607509657834 
4.4785662837755170 0.4515965922059684 
4.9017952221467000 1.2199017851838950 
2.7060214966641080 2.8779394261332540 
3.0932081415393196 1.3509173339528053 
1.3947835635873573 0.0793720920111291 
1.1421715576420182 0.4709161906670989 
4.4460067249031550 2.3443295539122824 
3.0694529717943757 4.0003544941703890 
3.2588700580805380 2.9698154376991260 
1.7375163056039344 1.0964374988569270 
2.2681922839989728 3.1912128098820250 
1.4825127873711637 1.0952017698530510 
1.7822560632732276 2.1717415077874060 
4.7070185782772210 0.3462693804825118 
2.2878648378942463 2.1670728984417438 
0.2650948104899065 0.5836117424373555 
2.2265699577070360 4.3565864287111510 
3.4487803469695786 0.1172699794025639 
3.6141669974061346 1.9899806595757097 
1.3939203524707988 2.5538223540653360 
1.7749779506073464 4.4364273513938180 
3.7632707544513266 4.4574960102255990 
1.8930974191409389 3.4431838628801430 
1.6361087375087946 3.3491712716384430 
1.0446961307959180 1.4115558992231532 
2.6361174146662410 0.7071253000228328 
4.8686384548861820 0.7803283767176827 
2.4631036707039500 1.1812175186016143 
3.0570853204626363 3.6702608112921222 
2.1591439791712470 4.0613172514575100 
2.4034177670808840 1.7879666182010823 
1.6360471667531350 1.1511280729551020 
0.2317306883620934 3.2134765899893396 
3.2185567118382080 1.5901640177583298 
4.6503091524983820 0.1030097298749094 
4.2165074409340610 3.8394837958568906 
1.2209157697251083 4.5269535650397170 
4.8291902080522915 3.0008913825729990 
3.3163802935941040 3.6327806926485360 
2.0064668101100085 2.8746633206359170 
0.6508956414185929 0.0736072634140900 
1.2437150371930468 1.6774633644753796 
2.2105927169055430 4.1753227719395350 
1.6714767131913666 3.1399585587737570 
1.0863747645716430 0.6287005973105098 
0.2157153212172164 0.7827490548745114 
4.5166605231168395 4.5876209163627080 
3.0508847439423663 2.5295806389395254 
2.7845980057444604 4.9305185850182060 
2.0455428651784215 0.4584052993170551 
0.4824736524629708 1.0993923313161025 
0.4090412153510648 1.4137098983827268 
3.0554582999483240 4.3691888560965650 
0.2878522389711474 3.4076342152191685 
0.4674925853620743 4.6201020959128080 
0.6313910052677202 0.2227490035391416 
3.2940300998925620 4.6863055322646760 
1.2497254750438358 2.3959700873419356 
4.5395210987676700 1.1368592632989176 
3.6193563026315623 1.8109324093725547 
3.0019320375138430 2.9080130509421630 
0.6582905205981932 4.4552516910670300 
1.0622614821848182 2.5508517342451444 
1.3879176803717446 1.5094514950777111 
1.3639271598527791 3.9842053994213593 
2.1267408796737250 2.8259376022718725 
2.9650608827516330 0.5499745617415175 
3.6197992260611790 4.0292489209434570 
3.1961662887486195 2.8564969913354370 
3.2976625580384464 3.9229202085848350 
1.6362529970656758 2.3653077040555610 
3.6801634055226002 2.6236403891614457 
2.3324801469551195 3.9276225533005970 
1.7925741444099774 2.8599934103694427 
4.6315024753050490 3.5091011994917530 
0.3457229923404004 2.1709188807483840 
1.7651277000464112 1.1549210240511232 
4.3465861036750510 2.3181326691974706 
4.6385585277507860 3.8419224019552490 
1.7521752541898300 4.0870983965272190 
1.1064056489107980 3.2405598281170374 
3.7570873135529186 0.7927416843547280 
3.3898226033158707 4.5666215741770370 
4.3138654681667880 2.2289528331287870 
3.1875268574774456 4.6411566497786225 
4.5253621264029680 2.5050222317239457 
0.4641377105216582 4.9967737932118750 
0.6195856638349578 0.1975066866831737 
2.8611718681629013 4.3694548085772320 
4.3200467699329960 2.5126248356027420 
3.1692053308612236 4.1972509691216760 
1.5584149583683482 1.7021334014268474 
2.3241222210050120 0.8107065681489273 
4.6413301193948890 1.8047343118565850 
4.9460355950923525 3.8445821177202080 
4.1795068982182670 1.8954182421593262 
3.5263799897414860 2.0264240931919524 
0.3148053080912627 3.4167485607698730 
0.9868380507571156 4.9047575136840250 
3.0397322950982506 3.8389416940399403 
4.4831803509026065 2.2681508589655680 
3.6938785871372380 1.8497051322827929 
1.0077576856423610 1.9761326669842010 
4.0430806982888905 0.5101386667836366 
2.5563034990734140 1.6739123713144755 
0.6996415660247601 4.3296135321951565 
0.3678641687774070 0.3950886802663833 
1.0257292518264072 4.0103914066444380 
4.0210923146129170 2.3700004544795803 
2.0771127606459103 3.6918471587255080 
1.9757996814884433 2.4521055634330775 
1.5906844255098047 4.8845117285216240 
0.4855818362153341 0.4507487353435269 
4.4967555116451950 3.9257537693292828 
2.6754912511962420 0.3159036846982577 
4.9459022762994970 0.7117676031037162 
3.9781466093247926 4.5589554067639850 
2.3801777154695050 0.6646392239810844 
4.0523347858689425 4.5133111637140360 
0.7497941073996617 4.3786126543646790 
3.7700720745472083 3.0396084772044496 
2.5789199466980150 0.1562803873397167 
3.8512562375287710 3.0625120507633334 
4.2180238148965510 3.6932727455106464 
4.2494575199339830 2.8895708931671180 
0.2852382708374662 1.4991247299687553 
0.4480566084367221 2.6073319427783210 
3.9955028579224483 0.2523469048399746 
4.4128550103947894 4.9758816729601930 
0.8037882144063951 3.1793320267435594 
4.0654466381359850 4.1502183761230460 
0.5474890304587976 1.7195786695129922 
0.7910513338263692 1.2453283148887018 
3.0631150366537776 1.1938145377775240 
4.6751783692658910 2.2315702999671356 
4.0736960510823630 2.9269547634181174 
1.8753996496416714 0.8979479967585852 
1.9958585951278667 2.2944318523094216 
2.7776779029581524 2.6530743054651342 
2.1993189194221640 2.4582849892094370 
3.3611067989520818 3.7471130160476758 
3.1665765710833110 2.1384972651723864 
0.5005882926135841 0.0927035164431672 
3.9468826144245788 2.6254234917049760 
4.7738818072470740 0.2388571308165333 
4.2760945332068300 4.3807504134231630 
1.7076266261007715 3.2090352894384870 
2.7428195674821030 1.9972833728227020 
4.2963532897104800 3.8530987350005040 
4.4212877604895350 2.9919549426502305 
1.0591618237361850 1.0825438150580964 
2.4626825542005870 0.8918044054615637 
4.8606604332009375 2.8594168203508197 
3.2392011048048834 1.3392745521820126 
3.2159211136420170 1.0915244763071685 
1.7688984751133270 1.4910281734374880 
0.8236248552537656 4.6500374095525330 
3.3144146079880974 2.8135857044260417 
4.6272290668851220 4.5703053480483030 
3.2449707494510367 0.4894369948674654 
0.7909094669950717 2.1226850344297055 
0.4785582855024967 4.0388830670222170 
1.5951871912462439 2.8474029540126520 
0.0800354569999412 3.4357140481026027 
3.4065701129562975 2.8359560869488614 
2.8808855423749980 2.9489322104978080 
4.5561994933919360 2.5112775537652476 
4.3076771267647670 1.1780790831994081 
4.1744065989677470 2.9098709638640274 
0.9588093412914250 0.2663284985808823 
4.7712505554351350 0.0013456348391178 
1.8529118034133822 0.0733584418817906 
2.6275192163954390 3.8942595602872870 
1.6873081670951540 4.1691162095720690 
0.8663421689561568 1.8719040256237447 
0.8912426569204990 3.8699429121662785 
0.4124771876353067 2.0776396779842643 
1.7361072114313614 4.1801248515274770 
3.9144953332403760 3.3266237885101900 
1.2736942390181760 1.4247916563151920 
2.1045056254168304 0.9592394391585130 
0.4135429766203880 1.5641799506552463 
1.0007227294818026 3.8712684206371613 
4.0217323282511690 0.6646379362115501 
1.8200956054378720 3.8568253204338720 
4.5260150461218425 4.7683420346759740 
3.4613793345255828 0.1822940374525933 
1.1459754299919562 0.4515523043701514 
4.9434462173098850 4.8729890212142415 
3.5319331834200710 4.6903334374823990 
2.2392963231515250 2.5389864762169580 
2.2926034948560843 3.2630200650127870 
0.5331421130010883 2.6925490069298760 
4.6190648105442090 0.8103059390434297 
4.0461049166433150 2.4167930319157755 
0.9713713002300672 2.8466893812271770 
1.2254755295154651 2.9337256410438030 
3.5841903947540940 0.4711078610595043 
3.2731567795087330 0.0895036509488378 
4.3691313505473320 2.2599460503266395 
3.7008162677422978 1.0257433993945804 
3.6439711613059043 4.8422053832008180 
0.8424463182439251 2.3379386617642580 
2.0027740017947586 3.9544706156249183 
4.0294380454205445 3.8355178514032000 
0.5559373686339664 1.3524153965838033 
2.4389423408238176 1.6127996186913012 
4.7154898521498210 4.8159355131238115 
3.4632063080275883 4.5160837701938770 
3.6785018991387100 3.6266050690993290 
4.8157337230065720 4.2493378421956170 
1.7702613964257374 0.3189968409938482 
1.4895349097082926 1.2994194857062347 
3.8489059490540010 1.2115155510067077 
0.1133971734335104 1.5814992062146727 
0.0444896195239602 3.2077383385869340 
4.2140154442022980 2.2063252957118350 
0.2080040665283467 2.6258647346366644 
4.3849923769117690 4.0531997930499190 
0.5796625638243408 3.3617228706663838 
2.3881289103125547 3.8960103410074030 
4.3507921548964230 1.5198870554108979 
2.7680897393875723 4.6743889175638310 
3.9899712849419666 1.7578083702939040 
4.6484433056085300 4.1280463184912530 
1.4315877391851050 1.9794644657104188 
4.9952396275289860 4.4195564135854190 
2.4837800445164877 2.6878842438640960 
2.7837039644335500 3.5593421031191300 
4.1027668951414020 0.2600068295706309 
1.1842865755395864 3.4163399764672170 
2.5018561917158486 4.6426838133686390 
2.0962245924993500 3.8487978387104860 
1.4159644193645582 1.4852365030346744 
4.0999366443167580 3.0218882253515233 
3.2262676624544118 1.5218307737845822 
1.1739819770883130 0.2922918607962538 
1.0646435397277880 1.0960344913262370 
0.3279832309683023 0.1346377005276106 
2.4638519461325680 2.0802734897824604 
1.6398240760328853 3.4606598682959073 
4.5969423779712395 2.0845032084436816 
4.0535975393972050 1.3391570379989870 
2.6581651567029807 1.7712659664654307 
4.6941952468036240 0.5633202660084086 
1.4777011912245774 0.2984036401186030 
3.3850908353605030 0.7317175424707895 
1.0338155421582906 2.3960494300938600 
2.5177864934831207 3.5102030457951736 
4.1285789081923940 1.3511212279355350 
0.4145538398953108 1.5242444067047907 
4.1270889889112460 1.2203927202072045 
3.8505156477972364 1.8946376558086780 
2.3251643651182405 3.9223189833610634 
2.4567793041837830 2.7743061965772580 
3.2067718609904610 2.4681459878911554 
4.3132445796699450 0.3698574864151499 
1.5799875162579284 0.4844318887087373 
3.1578757647061690 3.8387970360516730 
3.3390787677756792 0.3519654173141579 
3.2886397318306235 1.1417751183133755 
1.3903390414630352 2.7401601624654780 
3.4149762493266564 0.3989702662415318 
0.1005889983209080 4.0513643966038480 
0.4275816210768618 3.5506872653496650 
0.4798022472478553 0.3061178674445603 
3.2984498959082673 2.1544775284875013 
4.1931010413815430 1.2982478493591358 
1.0975301595151903 3.9645624771968110 
2.4124051996529940 2.4277913471999140 
2.4180228245517945 3.5340704437493240 
0.4643090409525752 3.4800849666039650 
1.3392515501414999 0.4565712422022594 
1.2082982891304432 3.7609661670881085 
2.4242125370176540 0.0206220047334982 
4.0882082595010990 1.4208782798242703 
4.1483135728306430 2.9895118908494367 
2.8398646814756052 1.5047770081598610 
1.5864852764165955 3.9381219100777876 
2.9091361926679298 2.2500839796180467 
0.1477546798208795 1.0797904127684377 
4.7371682217317420 2.4215373648751750 
2.6395393913823330 4.7983041863593930 
1.2033548057467387 4.0196398187252140 
1.9683342755561817 2.1636089660974300 
1.6816465058626510 4.5285051712045990 
1.3391232809952780 0.5545615880181565 
1.3620804239567974 0.9792579254058881 
2.9027694137075590 0.1380211548780719 
2.7169550654764523 4.4967410198461870 
4.4187925665452720 2.3608047111796960 
1.2498682741867566 3.6701374130705267 
1.6503647274428790 4.7995083689985645 
4.9558676609343510 3.0422149128561413 
1.8890139115624933 1.6829207212517772 
1.2422570553855660 4.2472536278428230 
1.2184412355482566 4.1527349270915030 
1.4121413475892060 1.8443173516059468 
4.8700216635734660 4.8604880284039900 
1.1965787843915150 3.6903811923858907 
1.2969716972872747 2.8121372482227356 
1.2362500811419560 1.7769319337097750 
1.3998320940552367 1.4664046792775713 
3.8598437274709620 3.8140045956816760 
4.6728267057378840 0.9690042339848298 
1.9838945955381570 3.4872250040646535 
3.9088236824717244 4.0620843775967350 
2.4676021253319430 3.2362760575444410 
4.5000393787577670 4.6467039750726580 
4.7961945173139650 2.6073091178652383 
3.3022877365775690 3.1958784608219120 
1.5376926336429397 2.7171734117298670 
0.4924945136986375 4.2167146717598620 
4.6204686989273700 3.1339356764711710 
0.8423571615741338 2.7423786768388263 
1.1127813847432662 1.5260172521328974 
3.3554478670989910 4.3981137275137160 
3.8505101447659595 3.7613743508056308 
0.2707183781081524 1.9302581565012327 
0.9555993201482860 2.7485009427526275 
3.0222825803157756 0.2131836129722886 
4.0152619966547480 3.2026340198637087 
3.8635135683983144 1.6563055377799603 
2.4507833014107390 1.6933924006412326 
2.5129086730948060 4.6217894653498110 
1.3948004682676074 1.7841833978027632 
2.3598386602622130 3.9333096000831730 
2.2172275686071963 2.8090613642739584 
0.4802114712004063 4.8071845245496770 
3.6925311580129460 2.8493248478475817 
4.9552445636050830 4.5694502958230805 
2.6848516873102890 1.7699900507287780 
1.7609561939557128 0.3359002709489967 
1.1425054121081224 3.7553805623108856 
1.8016459143027597 0.4268523084481968 
1.1396911435337875 0.6434234100572467 
1.4975537109973418 2.6643778504218836 
1.6807619380674432 2.4998456127903920 
2.7050459203744650 3.8569569867634890 
4.9912169137756840 0.2963137882441991 
4.6470951038777955 1.7149952301267146 
1.0596005265827580 2.2606640323578240 
1.9624815281249526 3.1603702376207203 
2.2657908029457263 0.4527181815416864 
3.9440597810489910 1.4941486450283810 
0.0336952054369510 2.3857858238152527 
0.5295970188638854 4.1688412954787640 
2.5801614244393174 4.0618030053335160 
0.6331047446073729 2.9750433374743300 
1.9969506659442210 0.6171586343954655 
2.9602496205826205 4.2970287960761935 
0.0989086954784285 3.8866128839351344 
3.5383403906333557 3.7178494303334886 
0.6990104403974307 2.5843126987869116 
2.8095572196001317 1.6617112706372028 
1.2297417592343485 0.4737602098774774 
3.2854991376539490 4.9498806554787880 
3.9203218258564050 0.8526940202057098 
1.4417906017182553 3.1160974820247870 
1.0605577970709574 1.9141910477569580 
4.7434041649593580 3.0784502507533613 
0.2346643563768391 2.0619022679797983 
1.4345184825057440 1.2968930114570716 
3.7921666051704754 2.0551840939473003 
2.0011431769450128 3.8590626040179026 
2.2380478248420670 1.9389898887367385 
2.0204121148409633 2.0317795975349100 
3.6705885851448814 0.0737387515431343 
1.4473533203698130 3.6915943241199036 
0.8728864702328370 4.2219779783376740 
0.2581134492488668 4.7049634499321300 
4.1728313581710580 0.5715089200723505 
4.7680258587394500 3.7671232801293524 
1.7263543256689640 0.7787467900063716 
2.8735759075891740 4.4284479591623530 
4.4500515719186990 4.6014375535187520 
4.9292332661856090 4.0380603690158080 
0.4318306154850915 1.4564545258977883 
4.9632809633204220 1.1166888501660177 
3.2820087116838574 3.2862504860900543 
4.4611886489015130 0.2342406532133690 
0.5523379987531551 3.4466434423950885 
3.0007403712077743 1.8122861953031473 
2.0467160321339370 1.9389630519037370 
1.6100404917807543 3.3976307516639315 
3.5748831808131265 1.2011879967137378 
0.8376865318941046 3.8603701051496966 
4.4591957563531480 3.8455580352787178 
1.1738112599624410 2.6583078219336436 
1.8946031000065670 4.1842406750874270 
3.6413602754086947 2.7793373811565550 
2.0832448879400360 4.1199900796801730 
3.0888855723915407 3.2243666072110190 
1.9176264719448959 0.9953334711170142 
0.9593003744253081 4.9255934526245260 
0.8701167339364102 0.2916725960609706 
3.0834528635658590 2.8084115621622540 
0.6615530416901194 4.6487904682927270 
1.3530420969401202 1.2999581114001675 
0.2280262352257534 2.5356043475567125 
0.9643129700404401 0.9632884825425470 
0.4824598418921977 0.0446069248204944 
2.2921306365502927 0.0933885844348481 
2.3763829728346320 2.7052911924843040 
3.3534493715963203 2.0497151484834610 
2.8073393777111050 0.9159528107071580 
0.2498556496694793 1.8196792399228760 
0.9886609526035439 2.5786196038074976 
3.9407766237463724 3.8084632084338510 
3.0008758700709940 4.7884551894070640 
2.1921134456662204 2.1327916534255560 
4.3778083288556050 2.9768379313070774 
0.5694683133599981 4.7597501803750570 
4.7454665269841950 0.7364175057434708 
0.9008024259621461 3.6764727278222040 
4.7281062067823930 1.6668019873662225 
4.7202722603439110 4.9024977088426835 
3.5633933411931014 0.9711308057066353 
2.8231590258811100 4.5638159718523990 
1.1273808390153406 4.2066408853558080 
0.2112182168265991 0.4361114898556967 
0.3600524211205824 3.5464331244497767 
3.3884395690216690 2.3344243388956514 
0.4034757856516963 3.1449998232889054 
4.1791254200830450 4.4774387415148370 
2.1171463161240704 4.7166742660060400 
0.9833542821156271 3.4868276818430880 
1.0188914451943970 2.2340153319472886 
4.6593152879002020 1.9955612028213887 
3.1147460822736380 0.7322413542308992 
2.0276605565257135 4.9338137099950980 
1.5274962532477798 3.5661801644369670 
0.3299363518494891 3.4370782346266910 
1.3111294064659829 0.1078015961821549 
0.8413208475283385 4.9783282233014450 
1.3472180367626674 1.7952531601110178 
4.2373065309022690 2.7645371484466690 
0.7593009017952906 3.6484184942587420 
4.2446318877525580 2.6575992257939380 
2.8526194853966300 0.8513712225638492 
4.5686806231655590 1.8806662683743514 
2.1890999606703110 0.7686985071040386 
2.0827307921857106 0.5531436365075171 
0.0412661905300465 4.8105188563938750 
1.7888480064152146 4.6610681871007580 
0.1338044765198942 1.8901225702026507 
1.1158860349684685 2.4143105664404890 
0.2777914742741067 0.8285117691393645 
2.7069665253057846 0.0680285350126370 
1.2301348892537605 2.9517211525569973 
0.9669770499975050 3.1930190975388073 
1.8695661982410328 3.2996512869360830 
3.2900405734194265 0.0680960469967745 
4.5705646673994540 4.3192468505907335 
2.0675709943520775 0.3373459106125348 
1.4778775881481647 4.6502053079904920 
3.2894477461582463 4.3260918163696830 
1.2368455936370810 2.6280024878601890 
1.7940014323911080 1.4416198413526300 
1.6185261208429540 4.4268720581294110 
1.9969212158256840 4.8982025892398080 
1.3936514707082825 0.3444797275492306 
1.2348555796389960 4.6006773329987730 
4.7557435784979220 4.5903826332902170 
0.6963937322703301 0.3968145358578346 
3.5712482046391054 4.0819654585235720 
1.2812775837686840 4.0659392548405430 
1.7433412793097470 0.1743998970640837 
3.6281105121965145 0.3497444011719181 
2.0160960056686896 3.9552709991728467 
2.9814911662918210 0.0509604101465616 
3.6169931168205367 0.7198683397989519 
0.5314150951227847 1.7265237633382409 
4.2382899129369990 2.5097419386100066 
3.3509515237032597 2.7841123144626136 
1.9915598467451607 4.1449716850637370 
0.0826169564616575 0.8543926691043846 
2.1347450166228716 3.0097036222034610 
4.0795296999310130 2.1560517972191600 
4.5673618238729950 0.9608554949365911 
4.7943455144952996 0.1966590826210751 
1.3170321738036654 3.1214984991366950 
1.8271374289408522 0.5596354487957117 
3.4993048770415163 2.9932692129858545 
4.1927969002818190 0.7160800068178447 
4.5227715975561700 1.2762729094210772 
0.0491981552911752 2.7699319816947400 
0.6327673070610662 2.0202855297058360 
4.3392806232113410 1.7959216452207571 
1.2394892587532957 4.2476678516759740 
3.5433701080718603 2.9619929377545240 
4.8601525838295020 4.9862524405986450 
3.0124711973949205 1.9413530104845207 
1.9198429957884526 0.7295710483315493 
3.1589288869091710 0.2140346668703819 
3.1020153922399416 3.7021343542951994 
1.1177720478700053 4.7338308318048625 
1.4171245010279487 1.9490866004548080 
4.3602136845839800 0.0936894387033727 
2.6666663109254642 3.1923989992640323 
2.1401974696106443 0.7611313968293087 
2.5199436694413793 1.5998778724736429 
4.5855463558318320 1.1749823008833238 
3.9921622891562385 4.0986054061668336 
2.7071786544745470 2.4956855038515853 
1.7150010684284007 3.6310400107581290 
0.5930263020321175 1.5836883786885063 
4.0245877961510170 0.7998501986970963 
3.5776998943513325 0.3438730912303750 
0.5568551260505761 2.6766589656796373 
3.2346103441019602 1.9187282355371966 
1.7365342924061900 3.1602281032601542 
1.6241730990595282 4.3389332355299120 
2.2735901319628073 3.1612121172554097 
3.3498816336362895 2.1472572186192500 
3.5396836051095075 1.0634626064793662 
4.6234534962541000 2.2001463460934440 
4.4872917600117540 4.3659683053217290 
3.7209151727348830 1.3211044345990581 
2.5954018514132793 2.1448633786919040 
1.9234060302494886 0.7309445083173893 
0.1782352754731731 4.9915419545614130 
3.2796458924558730 0.2122185835696300 
2.2772487093231906 4.3807666531892060 
0.3014262583425154 3.7786066915785060 
0.2716936946891413 2.0017587600526108 
1.0091450349442805 3.2147760354188355 
0.2893113994394786 1.4456147695836319 
0.5813244792291461 1.2281938427593135 
2.4762722894228670 4.7839876609175676 
3.2302117950034455 2.1116078179940203 
1.1942655323504754 4.9968308847918650 
1.8249764823175658 4.7533817361640890 
2.2526745057707880 1.9110977970841080 
4.2146858543992010 0.5526018325485954 
1.3550728927204343 4.2976459913391580 
1.1651490192321994 2.2968466380235704 
3.0418063232490367 4.0401942454159340 
1.3168880254349902 4.3427364815690720 
1.5442198422406612 4.8380330171291940 
3.5959067763252888 4.5028607250581340 
4.1311262473093970 2.7332900008787107 
2.0645934077419630 3.8874013911668044 
3.7244035440123360 3.8639054071539585 
2.2870045909010280 2.5747529485969040 
0.7881444218760747 1.2350703459308847 
1.9009458766970995 1.3926626424786925 
4.7545727080151960 1.9747366376690356 
1.2386744094307744 3.2798918739406380 
2.5399806256087230 4.4929055464372260 
2.5187174505966055 1.6681276354675811 
1.0252277878033738 1.1997553438468130 
3.3432097991417690 3.0748470432826340 
1.7278845267243060 1.9542688741107805 
1.9783213177447396 1.6300666642904700 
4.2768885574283635 1.2128744858368545 
3.1697577720282015 4.5733843860470890 
0.7156259856794023 2.9267148134470538 
4.0509824803672485 4.8524467374071960 
0.1056336634542926 1.5965088989698129 
0.0387209934373761 4.8299530817759470 
2.3806612764900366 0.5355755334902834 
0.4784739396927906 3.7635343118157945 
1.9096196712835178 4.3144382746767150 
3.2021789049340117 1.1613181700778596 
4.7669810415867710 1.5645299236020844 
1.0908241299979808 3.3357233314039436 
4.2804853554977330 1.8038724883103079 
2.1967330315167150 1.4789976911277130 
2.0285472293395520 0.7142030873078192 
2.9734013280381473 1.3662446800091672 
1.0935468535345550 2.3468739735074140 
1.6851825069451531 2.3551584649658200 
0.0422242703565151 4.0639515992193410 
1.1247823475342655 1.6964125823604304 
4.8006917793376430 0.6312949160957365 
1.3534368381384060 4.2946278402220190 
1.3191110338860779 2.7719913387752880 
4.2968107608504290 2.9670658143802370 
4.6798761654139085 2.6613842279544030 
2.6790713091036820 4.9356777929408700 
0.0931801987839270 4.2990230195330460 
0.9582510262097338 1.7578581756856875 
3.0451322181771374 0.4282220365787742 
0.6379321571145768 2.1522360611770623 
4.7161310960865030 4.6905139786400240 
1.5734461095158352 0.2080557504914715 
4.6709924313922215 3.0001362409768700 
4.6651971823683780 0.2801836390165657 
0.7373615773183978 1.7027893708144766 
4.6373827812067730 4.4664967136048560 
0.9352368877593437 1.9432586833834375 
4.4372976944958140 3.9403909687597576 
4.2979664929442860 4.8080918902570660 
0.1585720654496131 1.5683698293582427 
1.4338685856471285 0.2323766422589951 
2.2911092825449693 0.1811527137155972 
1.7176677017934638 4.3637642451576120 
0.5311514435412029 3.5864681824803117 
2.0722249993715387 0.0622358922082755 
0.3468164549960234 0.9126745306772616 
2.4035830096030915 3.4807119063433527 
4.9876134948558555 4.1545744750158350 
4.8861309707998450 1.2194519676079785 
1.6508577051059470 3.8562706441941380 
3.4597393672901510 2.3763016585847883 
0.0735695516091273 3.7106331244435857 
1.0969984957203194 2.9251850932672910 
0.9053580225436575 1.4809256044576802 
0.6262367212698394 1.2468523957712647 
4.8359517469268880 1.0573672479888580 
0.1547817437595705 3.3087359031988273 
1.6004537302341670 3.6498792171805300 
1.4269696718226443 3.9448747688065150 
0.6660628893056292 0.0879951349806696 
3.7726916459423396 1.9222177460995682 
2.6159170771541290 0.9498892566322242 
2.6548121769878383 0.9962149725963520 
1.9888771331712707 1.7747029883985632 
0.2075768613066770 1.9564620653201060 
3.6084863228140938 1.9258285287721892 
0.5731713776514502 1.7422606593361345 
0.2400010648869211 2.7675308843919737 
0.2898780271196183 0.0683123166456512 
4.7513075893298900 3.6932729445529960 
3.4628185752741710 1.6423625135837538 
4.8216977641349350 3.2013265329957830 
2.9570604277256365 2.9794641410128930 
2.6418947756119900 1.6517363880236320 
2.3929006439595306 2.0216313017180160 
0.9793840188172476 2.5584253906998704 
4.2944326198723510 1.2570064731752190 
0.4450139958397698 0.2712087785354378 
2.3450411376536060 0.7992630744513918 
0.7900036631812735 3.6847110002911276 
0.3372555907522179 1.9358211171758666 
1.5868979054269805 3.1746536704739990 
2.0694358270398046 3.9825511801570260 
4.7036851684056920 1.3067136988438000 
0.1380506199040427 2.8929961774466717 
2.5671980530259555 1.9891216780609429 
2.3018485369058137 3.9617406361525000 
2.3300888767920860 2.6474030221398470 
1.8530109055007600 3.1344097215519855 
1.7050789453962252 4.6881356588669970 
3.2204147380081896 1.8908804982150955 
2.4108508539567683 3.9883294504506885 
0.8514228537402613 4.4036407397760710 
1.8858624479728330 0.3980041298447706 
3.2711578328890867 2.6898316753691170 
3.1695284148926466 3.2757739159529680 
0.1020045133043995 0.7733622502045201 
1.6246271392825746 3.8907197063393800 
2.7411259249467306 2.4525850479090530 
0.4804555276412426 0.1185586678000394 
4.3400665693152050 4.1293742477973550 
0.0131699381918565 4.2360970634815350 
1.7080539729612465 4.2970479689984720 
2.5479118465931230 0.7751774308340714 
0.7694024474308797 4.7074313088514580 
2.3667353299395586 3.3358095573540850 
3.2454577420200135 4.9414526294510410 
1.0370137654213770 1.9779008008933623 
0.3028132777867260 2.0930228846261000 
4.6369194726856830 1.3119771054385854 
4.0120669489886740 0.5425460424141915 
4.8477330670586210 3.6915128382959006 
4.5951751262403430 3.3442604622298973 
0.9071541007472500 1.9729653950554709 
0.6045024861029458 1.5807147922856890 
3.9734481707080250 2.1543352867415018 
0.3729527152572287 1.1480295147842223 
4.5371782885631840 2.8290497271095420 
1.3021045620338023 2.8272024046855755 
2.1354367943013832 0.7991954909722720 
3.8140688672883662 1.1695614992955972 
4.7729020602370700 0.3806006953808250 
4.0828180968644090 0.6785757973221201 
3.1347136540373075 2.9019947757098508 
3.9820324401127100 4.0055830419411445 
1.8880703929872706 2.6514492927563610 
3.0390414280204143 1.3935954275716838 
2.1126210135842030 1.0555327259098273 
0.5682341732606766 3.4011973084292855 
0.1741319346294068 2.1900847330881574 
1.5723447753506674 0.0176475710149737 
4.1615780515139770 4.8162445406337260 
2.4463143698315406 3.6406551834275140 
4.3447204246271470 4.0113447034883370 
1.9959644106412840 1.0298930114734939 
3.9773951086647090 4.1215065653028290 
4.7925101564401995 0.2721714429839317 
1.1711534741124363 4.2012514475054346 
2.4239788680014147 2.9982901670067164 
1.4945587467453296 2.3251678824393700 
3.7758875494578343 4.5769429851408560 
4.4153555395711130 1.1576516431064088 
3.0760740717261950 0.7776471186782952 
4.6958950582379420 3.9489622088426284 
4.0723652879709435 3.4425242654142574 
2.3766124650569740 2.6893153013006033 
0.3768024142236481 0.0358598587467057 
2.0380157805534225 3.4974581655699450 
0.7064365929458605 2.5507178591541173 
3.6185614846508902 3.4461509415250373 
3.4782429958871353 0.1434936465273051 
3.1839547662546530 2.9342030254869664 
2.9744942111484150 2.0401345151485066 
2.6928258109144700 3.4031922323743617 
4.0849692143401200 2.7118618456018733 
2.9844009641778390 1.6667167754113577 
4.4536668777096840 0.0535805107277498 
3.9256967697323110 4.3710131675303690 
1.7102292385542066 4.3147599874393990 
4.8989331163333810 4.1379920819019960 
4.3500708050010710 0.8304276040540692 
2.5842732405916795 2.7552276732795153 
2.7422468591188287 3.1790109624731850 
1.2986637782799755 1.3721575565114600 
1.6903857845728731 0.2541223880246818 
3.9884616234639800 3.0377297116449937 
2.9495473188409580 0.8789771837999960 
4.3416979051063060 4.0719591272428510 
0.1106580569563498 3.0149904532324500 
2.3852446384736394 2.7023308558559790 
4.3042157267119380 1.3201969283979147 
2.3628127538972428 1.1157172473048842 
2.2462404674060283 1.7984932447462558 
2.6516240794168153 0.5774500238231850 
3.2519941867888220 0.5472994716828389 
2.9687652761414736 3.5514147851592015 
3.9767730682106555 0.1590918653151990 
4.1426442254407380 1.8185144697588314 
3.8081229726002457 2.1613573006344753 
0.2806334901871749 0.4355727681602856 
0.0301115191527590 1.9898752254710517 
2.2509021122802664 4.0027245216888660 
0.1078328099467818 4.3818296860356270 
0.0145967033510397 4.1145701276335430 
3.6991096132419847 1.7481095871007968 
4.4939507340631210 0.0588418728007117 
4.2903943065109580 1.0382556382853136 
2.3425632717085385 3.7960635373577434 
4.6751626460028370 0.8468629149030577 
4.1960018613681250 0.0046548456969536 
1.8456307343301441 0.0268508626056485 
3.7240502828829984 2.5081631580212500 
0.2524159810381110 1.8728638762679783 
1.0803339132485483 4.7147792826582435 
2.8018005388235863 4.0171664773326930 
0.1507212794110713 3.7940216089640440 
1.4065475790583170 3.5407493137762858 
4.3388122767100510 1.1914493378026014 
3.3837555941622870 4.4439642973757200 
0.4949902450511806 0.7394913464756114 
1.5020292528803247 0.5438567153487323 
4.9949271015733920 0.0609552968753774 
4.0202816159259240 1.0694663347764044 
4.9040954011622150 1.1815069131439309 
1.6317723981003733 3.7117191197732406 
0.6267558524526817 2.2683854200189693 
0.8295268625942109 0.6511336537285012 
4.4310515943125965 4.1948498079759380 
2.8430665009704660 2.1344174552719270 
1.7662562045728947 3.1933259157714056 
3.9614258720929985 4.5001312261611400 
4.3438853810405420 4.2049490517705355 
1.7537141987794370 0.1639472645475792 
0.5412957828464598 3.6591779415409620 
2.4260235081257866 0.9656353781095178 
4.8045610321321050 0.3243770973625737 
2.3122712315206110 3.4527552237537060 
3.3768251132435974 3.5587458505646126 
1.2866065467986598 0.1301396906651575 
3.8590019721197306 4.7606953885646670 
2.7062962149873360 4.4396037871851455 
0.8215995035652718 0.0687538297110502 
3.3465482645338347 4.2509155359475820 
3.9296147960337575 0.3933058274111068 
2.6725167486860580 3.9429167946830330 
3.8168569304585770 3.6759469735283283 
3.7087733695385510 3.7327835216714990 
4.2517223535134190 3.8669656200274810 
2.7128189866295080 1.7717659009201514 
1.9733576125305170 1.4874332310916910 
1.8367479555135147 4.6673526580506960 
2.9453116639523924 1.7996202333612437 
2.9699655080190213 0.5146512968598060 
0.6731916385948550 3.5479218612697210 
1.9959017826147445 0.2238827383017961 
3.6635022959686774 3.9522120448555564 
0.7669485041198576 2.9162349061736140 
0.0627605916783008 4.1365160623101640 
4.2043898367800950 4.4269267092361380 
3.0091435453241470 3.4581200506009897 
2.0638849437307885 4.5021808307629630 
0.2533402456258738 1.2657138839945459 
4.0720971569259445 3.1059087094674758 
1.1609436976506804 0.4598869101958009 
3.3363589826653750 4.3622605203643590 
3.2956300141613900 3.8552760940912996 
1.1567951104711238 3.0517950360114954 
4.4005410139598030 1.7508905192416329 
1.6291190619571738 3.2518777011537416 
3.7446949998971080 2.3036143995513942 
1.7163557516496880 1.6660125619648280 
4.4819191664992250 0.2696148603363174 
1.7890338798721000 4.4221707245945240 
0.8817077015059010 4.4293600725335730 
2.9859274139276977 0.6367735424202220 
1.0345763531512497 4.5441781803073960 
1.1312170293730740 3.8388472596856937 
1.9088955618261050 0.0057649288399708 
2.3589823060578450 3.4279597294307096 
4.4418524198112840 4.4347728347661240 
3.0422217666582660 2.6999083565553916 
1.6840995897201716 3.3605942245614970 
1.1011382572587132 2.6157249939497493 
2.8858213190433597 0.7716742144261984 
2.2742173787987023 1.4124178848905093 
0.8113519893437188 4.7641665105046850 
3.4756634066486427 4.3579710519408215 
3.5001549108315393 2.7364752176824565 
0.9340487278552473 0.4384737418483520 
0.1538770983235260 2.5781958751271827 
3.4095689999061420 3.5318529221331474 
3.8223631612970400 3.0842018585015490 
0.4210886886142901 4.6705364976647850 
1.0859236802597754 4.3880947820503190 
2.0791969648713367 4.3244704635034510 
0.9868192411444282 2.5539660643378830 
0.8177874787608430 4.2462732519623250 
2.0498336553620593 1.5913919270475485 
1.0442083603829722 2.3119023591901193 
2.3499743934422206 1.0658127804958695 
0.4868264007071094 0.9630703945687302 
3.2347542343002570 3.1649218677139905 
1.8088786622603115 0.3117382616203118 
2.4891681295219120 4.5514170258698440 
4.8787821173106890 0.7023747947359993 
2.4433986508385150 0.5834437936952125 
3.9396067630354024 1.5442663223731619 
2.7664416400858864 2.5162873086775270 
4.8042064847559850 3.5240159577303354 
1.4632634641618143 2.1123436947359604 
0.1175436120921536 4.8874709647428490 
0.8987599430553489 2.6811316059119460 
0.6740298902252273 4.3406691569707150 
3.5087066206349790 0.9470782257495525 
2.7552463669893090 3.2609986813182177 
4.2260482338100360 0.3000423523805890 
0.4621938999436304 3.3326127139859905 
3.5502945811797390 2.9220144144099596 
3.0562652864753743 2.4242470498188640 
1.6184504552953332 1.0031560842631537 
0.3944182222457804 1.5129373854584870 
4.5978231137916180 0.7613241437666157 
4.6465681556383880 3.7237335946643590 
0.2142144733143836 2.2614450398734490 
3.6170094676283890 3.1033640471091584 
4.2534186790248750 3.0945864005439865 
0.1567102560095596 0.5749001718042812 
4.4296110921698390 4.8212958782690665 
3.3496186103345647 2.6308248397245504 
2.1011269823711176 2.7097565569020880 
0.3836544102933437 4.7135107336315200 
0.9322936429057438 1.7065324831182420 
3.2758507963857420 0.9049648984032183 
4.7493942430023820 4.7661568311599580 
1.9111488537726546 4.5017966986433030 
4.5195028833696870 3.6355389437901198 
4.1756370475625140 0.2867212831850380 
1.5928482370920805 1.9401457423950597 
0.3175679463495273 3.8245072983846750 
1.0925247991624853 0.9511383772262172 
2.0532710219627823 0.9081341087256095 
0.6097843299084543 4.7261208906851340 
2.3501227694647690 1.3600212497543507 
0.1688071995355345 3.4108851354225216 
4.2650198963507290 0.7535472734901472 
4.7617633686294160 1.3655135857106475 
1.6943474786736852 1.2616753743212306 
0.6231407974050263 0.4354251307574591 
1.4002131642243705 3.7623544939342093 
0.8117286244772975 3.1264299907604640 
4.2177681208452840 2.5344672205366496 
4.5993122694180050 0.6625817867422384 
3.9197168129403757 1.3634468147998686 
3.6270455641314236 1.9065954049608391 
4.8166593024743210 0.6422867516971170 
0.7836337558936568 0.9048229052223716 
3.8057002128496890 4.1015185303404740 
0.2838730918802501 3.3822580271510130 
4.2447957533496980 1.1308347143361503 
4.4817567063567490 0.8577654733191359 
2.7265990467104050 1.2653862347393856 
4.5392717933574245 0.1757085634551597 
0.5531049543795519 1.3013828616586764 
3.1901757598323990 1.1573741854275066 
4.4711831397004700 2.6784799854454895 
3.4874544323093426 0.7640719847210736 
1.0191266444707459 2.2205333859262850 
2.6038282931920103 3.6335100702599825 
0.6556348652295302 3.0616591742754310 
4.4665866526772390 1.1020269390585924 
1.6951857105392220 4.6011319520958300 
4.2511965560653600 3.8574853335289614 
4.9575431498235020 0.6285127233046955 
1.5325422061188272 2.1811103549939220 
2.9541846108250640 3.3394929159654847 
2.1983194039660860 2.3312812160390175 
2.3807209502024690 2.8232980257897307 
2.0660213650576730 2.9982620326677094 
0.6619223943822583 1.7440913799010471 
2.5131171581313745 1.9160839719533507 
1.3047514120899710 3.3616747846232697 
0.3294361335801638 4.6562668703517440 
3.8548444925131613 2.7408786949927540 
0.4314393976908315 0.3477967728341586 
2.3231695780459387 0.9843917820966280 
1.0399701339572949 2.5687499334940567 
1.0521323939273142 0.5903776645902281 
1.4162393244240494 2.9371825304624730 
4.1241849656200300 1.5840794924685815 
2.2752197985962748 4.9923810077389260 
3.5810368206010680 2.9017141698245204 
3.5512820097773370 1.8022939911740044 
2.9178526654285863 1.6153095885997348 
3.2778215787024214 2.3589449234657450 
0.5443625102892902 3.9787409877771402 
4.9607925113320330 4.2308485161552305 
3.1635980941874537 1.9480720562307120 
3.9754719857208602 3.1299341815345390 
1.3090093029997911 1.7834095915824482 
1.1964500135548621 4.0202022240556340 
3.6020016739464780 2.5748311534276000 
4.2827477472888090 3.1463190874479140 
2.6444778236462563 2.0515476030213793 
3.7831352838743633 0.8925806495900152 
3.8447509939966070 4.8313129031768270 
2.5011315899163478 1.6961528549398020 
3.8902435268677580 4.3461965320528515 
2.3648354754983880 4.3332223453732040 
3.0266643052567193 4.0411827862026010 
3.3836484341819690 3.7726678920291460 
4.7809073589777230 1.0836673620821364 
4.1421149463740960 4.4490909787862910 
3.2736942074627170 1.7447677003465079 
2.6805215007214130 4.2455175640521570 
1.8080285539168683 1.8174693232177060 
0.5425566844989904 3.6958126118870130 
1.9908162357827668 2.9219805183062633 
1.2322515854270732 0.9178230367254486 
0.2475453967342872 1.3152683319816250 
2.3155816306270250 4.5704942004511510 
3.2237088602483450 4.8696023159015950 
2.9265271022384187 4.6916779663846540 
0.2316910733460348 1.2140320415998547 
0.4930511218776612 4.6180801119162790 
4.5981309084765700 0.6430783302371695 
2.0853710949200510 1.3147701561631070 
1.4943097322902332 1.2885166029801165 
1.9070599335564253 1.3489021395211970 
2.5909039309018613 1.2229852903808536 
2.0989314378504402 0.4307743981183904 
2.6684806595389987 2.6182522667681933 
4.2063248819245285 0.9150794026304349 
0.1364036936001573 1.8163239820059363 
3.3723197939186010 3.9061738691849053 
2.2653551332926805 1.1881836343954800 
1.5625761299499680 0.6434251379061823 
1.8224692492463164 3.9527962159846310 
4.9019067788975520 1.6561659028350957 
4.7131127794825245 1.7081208316918850 
3.5083576116408905 1.7725161380176968 
3.1796338830466295 1.2862198016111626 
0.0474787886331124 4.4423085730048895 
1.0849444163459383 2.6861584933110970 
0.5976415935781615 4.9915797936408640 
1.8175853783587004 3.2612396886133768 
3.3166624110478606 4.3645641729363310 
0.3949666069256458 0.0412177512081086 
1.8306651676053431 2.6288581834753730 
4.4127617242328530 2.0554905550118120 
1.2280237791968462 0.0203956902168290 
3.5909747215923993 2.7898679291515100 
0.0343932835110788 2.5871020446166932 
4.8009884057357340 4.4573668070638920 
1.5692483030871633 4.5535735155079910 
3.6229403627418760 0.5925849619026990 
2.6400168979730560 0.3738525406413068 
4.6790626169793020 1.5895574662734590 
1.6168068326463532 1.0653468843686370 
1.2161602145357575 4.1946010431232220 
1.5488892467237170 1.8241677203088087 
4.6691926611313310 0.6385013509097642 
2.1335155149439960 1.1106379229643153 
2.2279616855498814 1.0465042715288524 
2.0283101945643010 0.3634478962019189 
4.7501967969964460 3.9999182016238786 
0.2103946902463144 3.2519138774021020 
3.7168715503826800 4.6397412719825860 
1.8285614839228670 3.9080185870944777 
4.3093687161096240 2.5005737290569527 
0.2692327861565225 4.8933934975849540 
2.1031553795255116 2.3421826413793550 
2.9626013092138630 2.7511246200691053 
3.3189160333466643 0.6064331526941108 
3.7922634228942913 1.8682443846701920 
3.0496310950745520 2.7689043822791564 
4.8398242041916430 1.0319948184855587 
2.3908775221303150 2.7773601285242018 
4.5953589695051430 1.5014274592908983 
3.9416665650013250 4.9733433487491340 
3.6952913540471360 0.6356298659930998 
0.7144257380069047 1.3785180561979034 
2.7111495463640940 1.1208441302790206 
1.0952643872970365 2.9939825123274373 
4.5058389213148860 2.6209734059872423 
2.1294610969482930 2.8086282418057020 
1.1984720921217900 0.2394436994063581 
0.0721409827400482 0.5417226197061842 
2.8344699816274160 2.5251194509919380 
0.8404040894068748 4.7552432108198470 
1.4445565160535800 0.8809455015480383 
3.7307080277319610 1.8630948207005350 
0.2944359074976966 2.1412138889404900 
4.5240901691094450 3.7371896100689033 
3.7763546342939640 1.7718340235898350 
3.8918598069258580 1.0644738555863538 
3.5744146215589050 1.6177064763446140 
3.8356770151027960 3.3443382109780306 
1.4474185011349339 3.3722817622542367 
3.7484741818160443 3.4324440334405890 
3.2161909241429210 1.9766087583920506 
3.5664662845981580 4.8348572038300640 
2.3167346906873956 1.9686562387743730 
4.3975333254631430 3.5354774043023114 
4.5862454598099600 4.3984150137673030 
1.9575494433686491 3.0001035013127990 
3.7859198362326056 2.3002683520294120 
0.1237703921548644 1.1420791507562855 
4.7326592040914415 3.8713414034655873 
0.9231819146623088 1.4573108115578448 
2.8111842433331230 4.4430177057595710 
3.3137483839350192 2.2405560627312204 
0.0687379116430104 1.0525409801881120 
1.1877928609578114 2.7802280440964804 
4.0564706349166420 1.9225901915762877 
1.1292766749959209 3.6955650955184254 
1.0747655304852803 2.4389495513242540 
2.5905359943654160 0.1278670697081885 
0.5041725719751394 4.2798662573534310 
2.3190733557648200 1.3265981355733614 
1.4592900177008468 0.1954190462803751 
1.0612889907705703 3.2815130623111632 
2.0898396453455960 3.5611943604041450 
3.7975777028395160 2.4435581487135410 
0.4713500769773871 4.2377955045763160 
0.0220057486827402 3.2501567791466135 
4.1772767016766450 0.4561862841427372 
2.8698196327521690 0.1245853312197848 
3.3050471846879750 0.4185958395248052 
0.2173302227268659 0.8545021191648522 
3.9404413305738760 2.0556906430284734 
2.2312529416609888 2.7712869855910642 
0.7878710151164992 4.9129423938128705 
3.2283751414174495 0.9497080550946818 
3.9685476583391170 4.4526015152610100 
1.1214581831204158 3.7265282140909150 
0.7941825197605928 1.1524088085011575 
0.1735753449810473 0.1970179438279313 
3.6607816066189890 4.6581567771378710 
2.2606209802010957 1.9899413614136967 
0.0752628830786845 1.9044361845073192 
3.3505187175910550 2.5444360184058180 
0.2270338359858071 2.5563842333837080 
0.4476933004909162 1.3163067920074072 
1.4473333919245364 0.3449723502842317 
4.8226626988941100 2.8266044015151115 
2.3610579542048340 4.8693508251669010 
4.9491418883735470 1.2319658018548751 
2.5289518705855650 0.2219948911398390 
2.2048428882177840 0.1440383948711149 
0.9024587563477260 4.3558707376861570 
4.0571925379557710 4.7544177659622840 
3.4691947047289460 1.4575693755519640 
3.1514784853363347 3.9318758803399363 
2.0539169216661880 3.7163298869639383 
1.4464745127987504 3.8502604959646103 
2.3580266416518080 3.7861033221661913 
1.3013826830590192 1.8782973578312623 
4.9700575793417950 4.9262822724532530 
0.2079723429612823 4.9166286285588600 
3.2602683214620960 2.2764493172339950 
2.6830821967241820 0.1027721205379961 
1.7843671936221366 0.9714741477256217 
1.6891910563966546 2.8212874918056400 
3.0645657009902685 4.8355144361650740 
2.8345546046571752 2.2542880238765250 
4.3905674843108455 3.2069533957447898 
2.5194406223479230 3.2865370092396410 
4.5887680840558480 3.0410329179768314 
1.1412874239050068 0.4397197899104521 
3.5448493057526400 3.8129183846133863 
4.4491471166464365 4.6520840201521505 
4.6331213413276810 3.9011566758646565 
0.1465665149715706 2.1424930428412288 
2.1053761316035233 4.0699656647009410 
2.8820949336952273 1.3020369426868073 
1.9226819530677486 1.3885221945507857 
3.8379000122934532 3.5416998741652910 
0.4754612233672634 0.4263887341308004 
1.2295085608704563 2.2911814188820400 
1.1303593148141389 2.8464475408186200 
0.1634830272472776 0.8918229468166256 
3.5668252615147518 1.5801881648569316 
4.4648776068231970 4.9556910545659270 
0.4219901139007859 1.6149179261315720 
4.2826113693382400 2.8732220369963106 
4.8493409386060770 1.0484461731249206 
1.5084340837024734 4.5434308874085220 
1.2148549363315090 3.4740141065368630 
0.3039474834511385 3.0735434875279406 
4.3036708834499710 0.9467238776384956 
2.3201860445637790 2.1490092979122295 
0.0910388629962766 0.7524423195236690 
0.5155487487116017 3.0102040500017795 
3.3432042608804660 3.9511363781355360 
1.8304146015801260 4.4887346927936580 
4.0570457304595030 4.1988186646786180 
2.3605601819988227 2.3541089562472117 
1.0216997945428403 1.6657624448316888 
4.0865408477585430 0.3006335323542986 
1.5910712053224707 3.9633683786944824 
4.6624816544046040 4.2647586393756580 
2.0930397004519130 3.8680453297929600 
1.2452684784332906 4.4046847274418770 
3.1693397652826190 2.2876915332176573 
0.8539128185200140 4.9969012999774190 
3.7395024649792930 4.3548394417857460 
3.2889085979857850 1.7084288029919403 
1.2129141259059621 1.7502557178489775 
3.2126840294522090 3.1888861474965555 
4.0349593648145600 0.3617617425985453 
0.5947929923502554 4.6931060714405880 
0.6463808278779670 4.1652693601989370 
3.3592788788914180 0.4928761142420790 
1.4594016567286077 3.7785012280264210 
2.7366819429731843 4.1654806856288800 
2.5098208590252820 1.4825923337570446 
0.5194533841280868 1.4570731211731336 
1.0312054580996160 3.6327453142595467 
3.1470726765210500 4.3105079064807725 
4.3154691376323560 1.2863408209847471 
0.3059609158601528 1.8201148791809585 
3.8735379305214774 0.5653770516604395 
0.5193155318327886 4.3299985866015875 
2.0904707255169630 0.7398425235981143 
3.0232857087691740 0.6277976833627141 
3.2813145814229010 0.2696015023834936 
4.0784428580773150 0.2024398814595108 
0.2971393482750945 4.0745972875516580 
1.7492937779349582 2.8322825821351403 
1.6051108117292805 4.1166562096497840 
1.0996181353944590 1.3491257795151768 
2.0721244147786244 4.9709014326107580 
1.6977065810119214 0.2839406080289231 
3.5184363696555250 1.4407622697385136 
1.3031103692325474 3.2417554571334600 
3.4758936407052180 1.4277902952305255 
3.6153036042807040 0.2759929991485227 
2.4847767699845540 4.2059725363829010 
4.0047012124080940 3.2366553965754310 
1.6939357172974430 1.9699555982479318 
0.2177593987627957 2.0521035510015660 
3.4908100036435030 1.0275732078615563 
0.1504299778595286 3.1707805534426520 
3.3810918810170136 3.2892953971076095 
0.9180238149619951 2.9370787669122170 
1.3622030812200832 3.7706945441621906 
2.6145835863385054 3.5046526352872713 
0.5904197449569210 0.6687498261139724 
1.3511482429585424 2.0008320899058680 
0.2283958784143841 1.1987874487964363 
4.3898373198158720 0.0473894739084657 
2.9779979124012620 3.7860822943281040 
0.4494670162016873 0.4157686665905430 
0.9527779074027376 0.3946219979187465 
0.5484526425348768 0.5489836648074037 
1.2250767823051822 1.7452599879014352 
4.0720385366129590 3.9177465906462006 
4.5946641037515260 2.9264644650636520 
1.1034382212590110 4.6949862072077270 
2.8689815711402527 2.4330909070259470 
0.4422531559304432 4.0307710391944420 
1.2194768547323830 3.9820885143724010 
3.1485812634638490 2.2887501516169584 
2.9841735196712280 2.5487731196851690 
3.8975133022289030 0.9655781809823921 
4.6235390548250590 3.9432769243587336 
1.9062537031454385 0.6563927823035642 
3.4048774325249793 0.9040136466502352 
4.7048937433628115 2.3522630717319660 
4.7898857495355360 3.1234708934422524 
1.5619015823404080 3.5596301868250870 
0.4306789486672519 3.8413718775942930 
3.9466854273574747 3.2171113585676360 
1.1415001591440403 1.6412219854475190 
3.0141218227542192 0.1516429262465852 
2.2065000259241616 2.8684843739759818 
3.7297328404049840 3.8637865874352157 
0.9083795946008655 2.6521040270676597 
1.9192344748224040 3.7611260993912583 
3.2183580120679390 0.8558274114285086 
4.2224668696269380 3.5690332707009027 
3.1748391060943333 3.4117403507667450 
1.6592553464063782 1.5396830735560352 
4.5963145876825510 4.3956734840056670 
0.2735438190658568 4.2530498557759800 
0.4234575196920237 4.8926029873145550 
2.1121757945970625 2.2577173298739983 
0.1660208101454963 1.1698971916987650 
1.6159930503549464 4.5346882874364450 
0.6420730692802601 1.9272405052796242 
1.3534560356911256 0.7839787527770814 
4.4402646557000980 2.4242887824854660 
1.9107824436649294 0.8316363535926424 
4.3102344340429650 2.1005900213399670 
3.6676382725253225 4.0339211586738070 
4.9919276987365230 1.8970289449322668 
3.1337050817001800 3.4157397679484530 
1.8315141279345581 2.8640299669786735 
3.4989850629111956 4.4220274305484060 
2.8997557233810363 3.7989833088761310 
3.0594966131131810 1.5836189499593560 
3.2280889710538214 2.5938296197115340 
1.2200504577013920 3.1032577497444650 
1.2083515083865293 3.6934715540585983 
4.8470865863508490 3.3527377162992336 
3.1639955952017850 2.5666521706783690 
2.8470893694827666 1.5387779249388207 
2.5937947666883607 2.3731685784095213 
3.9798917574385313 1.3430803716142221 
0.6134667938647503 3.0747674485039536 
2.0812111730585143 1.1711232723159237 
3.6762954317088825 4.0817921415659990 
4.0650575311887330 2.7545922148522440 
3.7407535769145440 3.1536299164202104 
4.3041847496009320 2.2439556802477460 
4.6712871716727250 1.6782352921404353 
4.2455525963610565 2.6005408802690804 
1.8078414597290475 4.6444784723374970 
3.4078003423377040 4.0515680086378520 
4.3203671377517300 2.5907986276226350 
2.2290247396526555 0.6069540881931595 
2.1764654372431630 2.5646151962256796 
3.5856948023539608 0.1532946110747069 
1.2934882685080300 0.6591787210260197 
3.1873219677231024 3.4382906658563880 
1.7208305707584248 0.0080181961354114 
4.4665465236955860 3.3379814966534784 
4.5038095231548270 0.2118695140493027 
1.0305877789497626 0.1595008231551298 
3.2174446124252820 2.0489449894151557 
4.2175463855856860 1.3736749568643107 
1.0266124150130422 4.9766318560237150 
4.8098344533472200 0.0946304947389831 
3.5284685148920720 4.3711829488117710 
1.4970504421461717 0.8276831057289175 
1.5636873177853090 0.6716892922687423 
4.2519018239894635 3.4921296448462877 
1.6449911392759997 3.5956033617689180 
3.3853213852415100 2.4921674076970106 
4.6445980277842200 1.3753038282632217 
4.6807077453012615 1.6570162542930715 
0.9066352382959486 2.5286743287594966 
2.6722644090778798 3.2004199453360287 
2.0062300291401436 1.0213904810599383 
2.8286960451767900 4.4600559977930500 
0.9638990533185682 4.8045899057831390 
4.1310640923928785 0.0689836130843857 
3.8420282256636042 2.6188247541324916 
1.2923889586029125 4.3841116779483010 
1.2996420550206915 4.6436711266469060 
0.6566284111567389 4.4507700577791370 
3.8623314862855933 4.0421010647716070 
0.6359489729284079 2.5178189595682460 
4.3761193526840360 3.6996946337795720 
1.3977459388266510 4.1343329620102090 
0.3572087619224290 0.4909971170364480 
4.3966583118023435 3.1567463822113644 
2.7239722214910533 3.2188069746363492 
0.2618626823512887 3.5744521243114296 
0.7032050520111027 4.9669000514567960 
3.4962197585770847 4.9221925065698860 
0.5395798316314382 0.9826783180405629 
4.4213852442664860 3.1891852244353815 
3.0054012707565745 4.3634533505523105 
2.8117882010391400 2.5577804450189605 
1.6071793678178210 3.7585545043359083 
3.7004156787449640 0.0085420944229342 
4.8161958815550250 0.0191768668447367 
3.9106356669407490 4.8140028927208850 
1.6121607033543561 2.2288605503964547 
2.9708244711707430 3.2099402091067257 
0.1222135044745099 2.8297194367170064 
4.2023591204367130 0.0808751901439569 
4.1619411409760990 1.6230155291963944 
0.9365691325166131 4.3255949129078690 
2.0407480299809120 4.2673987192222050 
4.0125357633032260 2.6788529979065150 
1.0808270924080210 2.5241119822396136 
4.9351625656682020 3.1570028357948020 
4.9171449595028880 0.9056848547227980 
4.3317316465232340 3.9681699168844604 
3.7952693637015700 2.5731176611356070 
2.6351991047549617 1.6816731701035759 
0.7645298727243505 1.2962839608205106 
4.2437713536002130 3.6867521932863676 
3.8759169438937557 1.0432551780605226 
2.7588440610122380 4.4872647022949380 
1.2372899401194700 0.2964786937566072 
3.2871740023913580 3.1768656553699600 
2.0528767463576280 4.5072168771020930 
3.2081927018308880 0.5182824145307408 
2.5797135552264870 2.1943807379029656 
0.2536616504414474 3.4106526548034037 
1.2705856532523545 3.0698695749046890 
1.2244049063005469 2.1704927049850260 
2.2411955639688594 0.2297524142707863 
1.1776472505063929 1.9747139730806973 
0.5986993694624210 2.8891067433835690 
1.4585223552255715 4.0182113770484440 
2.0994126067264913 1.3580532764857263 
0.5206070119019829 4.4238921621429880 
3.0654070813902727 1.9575040867761433 
4.0828737911146250 4.7096222169955630 
4.4828772053055670 1.3553683263627430 
0.8042456182184121 1.6644134030305690 
1.7295754956693536 2.3674338878780827 
1.3219749453525882 1.8152801985150009 
3.4342744772103820 1.6118733822533060 
2.1963573316438545 1.2765428988541778 
4.5581305453566970 3.5322956776068963 
2.0318297483899620 0.6649585120293661 
4.9059891780431160 0.2114946420802083 
4.8032933343357380 1.9369110721748573 
4.9250814190062070 2.0865190125227450 
0.2065380418010382 4.4579933454462220 
0.8292295993910559 1.1454184585203653 
2.6729371077371720 1.3506664398977715 
0.7985942688592307 0.4369937165278459 
4.5411168178279160 4.1822830438167530 
3.2481525585072415 1.7571069153876158 
4.7620980140126750 4.3536110574118250 
1.9325218554283636 2.1885851967664753 
2.4294419561481090 3.1270995606039738 
0.9603978325362766 4.7664763030101040 
4.3722267058928965 4.0944754854146700 
0.6287945103072401 3.9163907487404725 
3.0262140189628230 2.0248660340694280 
2.3554381734893370 2.4708948639652197 
4.8073598096405570 0.4574888358788154 
2.8870789352525805 4.0073915921887150 
0.2518583896520193 2.1070581407099005 
4.3921491216478860 1.9706549325628115 
0.2582002268892336 1.1354011113687483 
3.0081120447634815 0.5441598682538495 
2.8692620122417516 4.6093860767382300 
3.9070073985562437 1.5165768452680357 
2.1662376315936790 2.0131121648189847 
0.9671150663526173 1.4532738121157056 
0.0112554895608452 1.5114111315023548 
3.6943222835470310 4.3274002297422990 
2.5718189723632614 4.7720667664100350 
3.1236938763885522 1.3910985807282543 
1.7877460383349864 3.5457557527463424 
2.0499074511080284 2.4746194163942920 
2.2000703899204876 0.8755678322251254 
3.0846335051657330 1.0895904574407904 
0.8514078611740061 2.7620617009068726 
0.7195989023802812 4.6824186173724930 
2.2885815147961748 2.3451684561646550 
0.7859913362181559 1.1347775545505512 
2.0508350239185003 3.1808528454160600 
2.4440244936921140 3.1403636541440270 
0.4107553803954722 0.9882952095831526 
4.1108953316584480 3.4005761139248665 
3.5500649256705780 4.3224593236195360 
0.5410339364214606 0.6765063628790119 
1.7987304834508606 3.9872613757218640 
3.6094553475841340 4.6105970541090695 
4.0433769656871560 3.6461585349464980 
4.2171916791002250 0.8885575274626861 
3.9197830326208027 0.0098256008868741 
2.1371913008825394 2.7505998896544090 
1.9442736376438208 0.1846904732516169 
4.5497426263872530 0.0807854006770314 
3.3101140918579315 1.2514518354781674 
2.4783865867521992 3.3042491553699290 
3.6775502573224910 2.9093015661138804 
2.3304542606636325 1.1042949555690473 
4.9199273868783650 3.0694277977059747 
2.2707712905832107 3.5348312435435183 
4.4533586543328680 3.6104761258871205 
0.2127431464730473 0.4483451138118677 
0.4737060948876298 4.1189968272714270 
1.7979428857092400 4.2855860045251335 
1.1521721887608871 0.3295086499647154 
2.8534909109299136 1.1803600989042862 
3.5995927840199387 1.1516606226181836 
1.4659294449613465 0.0213111304761143 
3.1995580566535162 3.6260755162596627 
4.9909565254780395 0.5822901866110170 
0.7317800403353614 3.8858088838720564 
2.0303024987428016 4.0838943059769350 
3.5596623453350515 4.2169611367547730 
3.6501909879509160 2.5809794533524633 
3.0398174016948447 1.6098307101191738 
1.8902454243718259 2.3844299904573190 
3.2263156278565135 1.7710955132493467 
1.9173612675692837 1.3201953851644004 
0.8887409815176117 4.4278670886480800 
2.0159836425946667 0.0045766729578389 
3.8406634027332980 0.8960582209041767 
2.9743881589638606 3.4719785067298850 
3.5839324075693000 3.3083570523792276 
0.3259826177746317 1.4298117249572435 
4.3142295780546150 1.6012069185512385 
4.3353060626988740 3.1349657382638000 
3.4046126764743930 4.3455357627730750 
3.5803204964530555 1.3872384624288270 
3.5863176413959987 2.7725854486228120 
3.4757501206952486 4.4173460495342890 
4.1798778098716310 3.8940418255589213 
1.1066414180407196 4.5106039212175120 
2.8946569323074620 3.4447670552160870 
2.2969769731426455 3.0521035716646976 
0.9111818011472389 2.4867869929279890 
0.9250950284840892 3.3051811745899835 
2.1881996646369500 2.9047910241505592 
4.1158251985985540 4.6422039420325625 
3.1951742974582125 1.6962476084425426 
0.0886699070455316 0.1351745107850300 
1.5609747371042693 1.9133475657291110 
3.1220223371629867 3.3833816878653638 
1.4507977236695313 4.3493318051213240 
2.3053255802251000 0.2063021562332124 
4.8359057302715760 3.5783669716330033 
2.4942442231508580 1.3621831199979821 
1.2045514791820540 4.7559803600898860 
2.1583303486753227 3.7662143034794546 
3.6774973029333573 3.6661702135945620 
3.6163328938512294 4.7769225796444880 
1.9378287710917381 1.8616559985670544 
1.4912112030113966 1.9954007196957513 
1.8622990624526270 1.3853370525306814 
0.0850795086006789 4.6792064723962925 
3.2502321872879110 4.4838788643115890 
4.7737213779875960 2.3112464026227480 
0.5860495946972394 2.9284471494002995 
1.4509786565186655 1.0836840126334724 
2.3427748767828460 4.0429629120473760 
1.5152326032532630 0.0578898951035095 
1.9364112554720758 1.3068513268031560 
2.8833597048212005 0.5436772871690543 
3.0748731801100444 1.4471107527267069 
0.0419575629062779 4.8045412721850150 
3.9101969562377787 2.2636286588474990 
3.2013021248542380 3.5403509396704900 
3.0990366457608990 1.0420223404493134 
3.2044092867812550 0.7249153432732719 
1.6040004028285670 2.2998860540163110 
4.9617407085334070 4.2830741964368055 
1.8271622813255340 0.7851743240915798 
2.8315040660245490 1.7804380891459737 
0.4571311317185117 1.0995564183416540 
1.5461671280437683 1.7686336351776022 
3.2323397576184460 4.0549257877397060 
0.9977128650068817 3.6798796038815020 
3.6757650202378436 1.8878511322941410 
2.4373334162100920 2.1969524348575460 
3.7400713224637965 4.7546069422109400 
2.4196687534482297 0.8380728653598046 
2.2172125466112407 4.5085237855138790 
4.1273649007255240 4.0909719378022120 
1.7128167559525753 3.6217473485734100 
3.5486364856457950 2.8063729082455600 
1.9632146194029165 2.2551019831240993 
0.3486871638207495 3.7183516719108454 
1.2817654474658480 4.9025993046261080 
0.1752492547352003 0.8975123330949863 
3.9611690345513977 4.7412412247744730 
1.5691752683666875 4.6626457875873890 
4.5297446224246960 3.8021121184327770 
1.6129207977853800 1.9775109664992567 
4.8621961502330220 0.3453598680766051 
4.9429294122108910 1.6416091142559880 
2.2791691145694410 1.3695162898854374 
0.7763371718521572 2.6472942275484810 
0.9349496317047817 3.0147092148316170 
2.1580850654761665 4.9202923929471720 
4.9889383962203880 4.7296692638248710 
0.7214361160206634 3.2866776802530824 
0.2840767957990931 4.4640365768723000 
3.8730623859209414 2.9165799270738020 
1.5141880132091157 1.8203241226266830 
4.4632785058261060 2.6833737055639380 
4.1522369776714470 4.0539963657481470 
0.6826624082963523 1.8468288726068756 
4.7328010996796540 1.0454727700215698 
1.1382204483823783 0.2196754256952266 
4.4345832317844670 4.8844664297763870 
1.8054151380756978 2.5092633725173630 
4.2925867096666420 2.5049235211951680 
2.8267896677912610 3.8394763848416606 
0.7846132937848399 0.8879247199402340 
3.9335868592267290 0.5527820488890178 
2.9830303053736790 3.7102672958922502 
2.6036743938855826 3.2682801131656600 
1.9402969406488890 0.9580440669510193 
3.9372520471727275 2.8288349260418700 
4.4855239213699180 3.9473890140622627 
0.6312305272945512 4.2088570723177640 
2.1493846699248660 2.3986600391967112 
0.3638365633135093 3.6740237904700560 
1.5059807113287726 2.6956812592445090 
1.3629120528820637 0.4852044132174538 
4.8228057667703280 2.2282687325709114 
4.9245381555516390 1.2210856744653250 
4.5437422533435560 3.7641150583435268 
1.1730331940081395 2.3574654855641200 
1.7950603443365183 1.1252100952041895 
1.4090311274595135 0.0859127614246846 
2.8006825381329520 3.0543256253039246 
1.9792673169171677 0.4804652376105184 
2.8205121223465386 1.0486946439202245 
0.7198600456926207 3.0282666488271030 
4.9844160103427590 4.1108677310707210 
2.6742875386773353 1.2285172908284558 
1.1844889508579204 3.8208274990579745 
1.9679306521362099 0.4338427628222247 
4.0095169772709870 1.8687985845973465 
1.4329584065645917 0.3591590142635492 
2.5580963911931502 4.2047878552526710 
0.8205028876436038 2.7153404389773197 
0.8506537691621130 1.2587430735518657 
3.2114820749464750 3.2384719850836440 
0.4756506532236188 2.2643197147149086 
2.5430919959321105 1.9801968100583238 
4.0515473868362870 3.5795977221145616 
3.0049065221669107 1.1006421857138733 
3.0636379518769830 1.0396889831154820 
3.4266849614276422 0.5626384135163470 
2.6436579090405720 4.7990316045316130 
1.6794021019608507 4.0644174358216460 
1.9001055762250263 1.8252653250655537 
0.5416794044639978 0.2677081752677751 
1.4785067934131840 1.1919368092747957 
2.4457119974959970 2.8791186074658293 
0.1333914732516922 0.5838825009423898 
1.0099468604627964 2.4249245509128725 
4.2275404668632940 3.9769891139106446 
2.2901835803756336 2.6228594767172970 
3.2390986454867505 0.2831360663379817 
3.2364335642173910 0.0992267929436169 
0.5534416628767080 0.8614703851948108 
3.9297864289643254 2.8256328403992987 
2.0442200097647790 0.1887720441220925 
3.7916976484216020 0.0568655465243612 
0.2067949818841897 3.6545136252653790 
0.1075233005653586 4.7399188315890070 
3.8973205750884743 4.4003254876499400 
4.8867953187730710 3.3338924816257394 
3.0520121263743567 2.3589232587850635 
3.2946408921458610 2.7314701195493587 
4.1136835926843440 3.1641622843357355 
3.6319174852423735 4.5049067857379970 
0.2764245162337031 2.4017287134325100 
0.1160453802868672 3.0129337647815566 
1.0743251147911026 1.7490839004332615 
0.5201863943525370 0.9997143483596399 
3.2864480281905335 2.9136274276184255 
1.0653305808826659 4.1929616208996330 
4.6077853661552670 2.9196469633814788 
0.8280163870162349 0.0655550400488725 
3.0447264845111772 0.2174728418822397 
2.3258237565195760 0.3634692402819395 
3.5336022960968485 0.2923592824544019 
3.8734461288540170 2.2225562641666246 
3.8521615778045906 1.9359644391676112 
2.7640556827127040 3.6976971496048296 
4.4963726231286850 1.1099027512100275 
1.3238485609563138 1.3100668057412252 
1.8287327650927794 3.3786952041679608 
0.4120615282998474 4.7817321052805220 
0.4693084594542291 3.2185446952246357 
1.9944241671261387 2.4715289693189906 
4.5970162708663660 4.1187141257338850 
4.0049183043543290 0.1521434987559989 
3.5561945665570245 2.2838897849878914 
1.8288842898529690 0.6755439615533815 
4.9223069185472355 3.9187579576936606 
1.3899257721920493 2.7623925589478375 
2.9706522802970037 1.5301316560063767 
4.0037304263308480 3.6207879516034365 
2.3132515948014740 3.4173101973547846 
2.8738360805468104 2.3506688884704770 
0.3216171311307142 2.5379584794064380 
0.3475367955647402 4.1224342493818830 
2.8368976563425980 1.2346437694648777 
3.8245392832595164 3.9318121671973367 
0.5839365331467306 1.8862702467265820 
1.5166400589685130 3.3277377308720320 
3.6520650464153674 0.4090012398276466 
2.0936111623952893 3.8859740441000277 
3.3829925931294884 4.6728626454896470 
4.6186458324314670 2.3584389994635053 
0.0149475540156779 3.3230714677909210 
2.0761280866954260 4.3666774921115190 
0.4722573446653922 2.1992350284746625 
3.2251552389574420 1.2276426616394776 
3.7608486675284443 0.5309181981831201 
3.4741569321530514 3.0009292802578584 
1.5326865388385986 2.3546780610837925 
0.9651182713798828 0.1288273922299998 
3.5159594302428230 0.1455155903603206 
4.0803255769303570 1.1040410124120754 
1.6728580671845479 2.4847970968610350 
1.1402233609858936 4.4446436204272800 
3.1430837121738016 0.6970486808848003 
2.1478795014617880 4.8818177769290060 
0.2587608131725089 0.7796284674329229 
1.0537233277888207 1.0731552824317165 
1.1752178958675503 1.6221341127733550 
0.1636325019055618 0.3427669135353617 
1.9521409392077778 3.4665033585704874 
0.9941113178604516 4.9191812111542170 
0.2408902788608691 1.7941170789265903 
3.0902159674536938 3.8929858299750640 
2.0863121132299670 1.3428173154594814 
4.0650455996107535 0.6483927951081281 
1.7351675257482468 2.7546016380697360 
0.3940336493287311 1.8363843922692964 
4.7583341114477140 0.4338603841542638 
4.3029360421152700 1.0518250042853305 
2.2402335097797610 4.5563703135632860 
2.4253291659450890 3.2528978781119777 
3.2664682756900950 2.8108649264739640 
1.7735933452993908 4.6184555897575590 
4.4494474671614220 3.3778486060449850 
2.9667703780954717 1.9773465760536424 
3.7718149697202423 4.8544263760866370 
4.5893509021002660 1.1635092940272118 
1.5987866922224614 1.3192713360898478 
1.0169587354570413 4.6515992493402330 
4.3130389425411440 1.4984538612813270 
4.0380635289123390 0.6101441512957628 
0.6595819259669722 0.0407072301606837 
1.1252695536700530 3.0726956157372163 
2.5530899409603870 1.2398077875660003 
0.2653894054114780 1.2721746657643966 
0.7964493623228053 1.1520972131726164 
2.8444279332694595 0.3095845779177880 
1.8868239206502880 2.9487782881061080 
2.2017631481010898 0.2354890588936809 
4.8443273128464100 2.5154636032550210 
1.1172289991841200 1.3111344360797634 
1.7884307451069676 1.7655633860281994 
1.6754637882248784 4.6858165285768810 
2.8085227580481327 0.8694450387350139 
0.6638067623021782 4.9780719291286350 
4.5275770372531540 2.6179013353968780 
2.9031862116889853 4.2805013758776240 
2.6416749692798875 2.4363157112833420 
3.6858586799424184 0.9215045106991393 
1.6331663105450833 1.1450138614740530 
4.7995207629607480 0.9119387874465029 
4.8015411685794010 4.4216423568893820 
1.4542319676166064 0.3806845317450608 
4.7336269442263380 3.0630175610365030 
4.7967478197003794 3.4603308056479785 
3.3435113731600428 1.5667379883880401 
1.5962784781523003 2.0226696987167188 
1.6526313589347836 4.2569577619220190 
4.1163535674618200 1.3834153746141102 
2.5517591428268600 3.1640658584581525 
4.1493828967095380 4.5965372497100630 
4.8891533437738560 0.1346227358794783 
0.6836735949545525 2.2408291921777486 
4.3629329555691690 2.1957524505506854 
0.6970724461182926 4.6648068509061710 
0.8607710261265900 4.0272940167563410 
2.1270695333742500 4.5007561010617320 
3.0862957119212670 4.5053643650237210 
2.1541129628288127 3.8847302144786244 
4.5391197903675380 0.6725886691892657 
2.5530462916166250 3.2265205199309217 
